B: 0000 0.517767 14.213140 14.267580
B: 0001 0.548199 14.267580 14.322010
B: 0002 0.578630 14.322010 14.376450
B: 0003 0.609062 14.376450 14.430890
B: 0004 0.639493 14.430890 14.485320
B: 0005 0.669924 14.485320 14.539760
B: 0006 0.700356 14.539760 14.594200
B: 0007 0.730787 14.594200 14.648630
B: 0008 0.761218 14.648630 14.703070
B: 0009 0.791650 14.703070 14.757510
B: 010 0.822081 14.757510 14.811940
B: 011 0.852513 14.811940 14.866380
B: 012 0.882944 14.866380 14.920820
B: 013 0.913375 14.920820 14.975250
B: 014 0.943807 14.975250 15.029690
B: 015 0.974238 15.029690 15.084130
B: 016 1.004670 15.084130 15.138560
B: 017 1.035101 15.138560 15.193000
B: 018 1.065532 15.193000 15.247440
B: 019 1.095964 15.247440 15.301870
B: 020 1.126395 15.301870 15.356310
B: 021 1.156826 15.356310 15.410750
B: 022 1.187258 15.410750 15.465180
B: 023 1.217689 15.465180 15.519620
B: 024 1.248121 15.519620 15.574060
B: 025 1.278552 15.574060 15.628490
B: 026 1.308983 15.628490 15.682930
B: 027 1.339415 15.682930 15.737370
B: 028 1.369846 15.737370 15.791800
B: 029 1.400278 15.791800 15.846240
B: 030 1.430709 15.846240 15.900680
B: 031 1.461140 15.900680 15.955110
B: 032 1.491572 15.955110 16.009550
B: 033 1.522003 16.009550 16.063990
B: 034 1.552435 16.063990 16.118430
B: 035 1.582866 16.118430 16.172860
B: 036 1.613297 16.172860 16.227300
B: 037 1.643729 16.227300 16.281740
B: 038 1.674160 16.281740 16.336180
B: 039 1.704592 16.336180 16.390610
B: 040 1.735023 16.390610 16.445050
B: 041 1.765454 16.445050 16.499490
B: 042 1.795886 16.499490 16.553930
B: 043 1.826317 16.553930 16.608360
B: 044 1.856748 16.608360 16.662800
B: 045 1.887180 16.662800 16.717240
B: 046 1.917611 16.717240 16.771680
B: 047 1.948043 16.771680 16.826110
B: 048 1.978474 16.826110 16.880550
B: 049 2.008905 16.880550 16.934990
B: 050 2.039337 16.934990 16.989430
B: 051 2.069768 16.989430 17.043870
B: 052 2.100199 17.043870 17.098300
B: 053 2.130630 17.098300 17.152740
B: 054 2.161062 17.152740 17.207180
B: 055 2.191493 17.207180 17.261620
B: 056 2.221924 17.261620 17.316050
B: 057 2.252356 17.316050 17.370490
B: 058 2.282787 17.370490 17.424930
B: 059 2.313218 17.424930 17.479370
B: 060 2.343649 17.479370 17.533800
B: 061 2.374081 17.533800 17.588240
B: 062 2.404512 17.588240 17.642680
B: 063 2.434943 17.642680 17.697120
B: 064 2.465374 17.697120 17.751550
B: 065 2.495806 17.751550 17.805990
B: 066 2.526237 17.805990 17.860430
B: 067 2.556668 17.860430 17.914870
B: 068 2.587100 17.914870 17.969310
B: 069 2.617531 17.969310 18.023740
B: 070 2.647962 18.023740 18.078180
B: 071 2.678393 18.078180 18.132620
B: 072 2.708825 18.132620 18.187060
B: 073 2.739256 18.187060 18.241490
B: 074 2.769687 18.241490 18.295930
B: 075 2.800118 18.295930 18.350370
B: 076 2.830550 18.350370 18.404810
B: 077 2.860981 18.404810 18.459240
B: 078 2.891412 18.459240 18.513680
B: 079 2.921844 18.513680 18.568120
B: 080 2.952275 18.568120 18.622560
B: 081 2.982706 18.622560 18.676990
B: 082 3.013137 18.676990 18.731430
B: 083 3.043569 18.731430 18.785870
B: 084 3.074000 18.785870 18.840310
B: 085 3.104431 18.840310 18.894740
B: 086 3.134862 18.894740 18.949180
B: 087 3.165294 18.949180 19.003620
B: 088 3.195725 19.003620 19.058060
B: 089 3.226156 19.058060 19.112500
B: 090 3.256588 19.112500 19.166930
B: 091 3.287019 19.166930 19.221370
B: 092 3.317450 19.221370 19.275810
B: 093 3.347881 19.275810 19.330250
B: 094 3.378313 19.330250 19.384680
B: 095 3.408744 19.384680 19.439120
B: 096 3.439175 19.439120 19.493560
B: 097 3.469606 19.493560 19.548000
B: 098 3.500038 19.548000 19.602430
B: 099 3.530469 19.602430 19.656870
B: 100 3.560900 19.656870 19.711310
B: 101 3.591331 19.711310 19.765750
B: 102 3.621763 19.765750 19.820180
B: 103 3.652194 19.820180 19.874620
B: 104 3.682625 19.874620 19.929060
B: 105 3.713057 19.929060 19.983500
B: 106 3.743488 19.983500 20.037940
B: 107 3.773919 20.037940 20.092370
B: 108 3.804350 20.092370 20.146810
B: 109 3.834782 20.146810 20.201250
B: 110 3.865213 20.201250 20.255690
B: 111 3.895644 20.255690 20.310120
B: 112 3.926075 20.310120 20.364560
B: 113 3.956507 20.364560 20.419000
B: 114 3.986938 20.419000 20.473440
B: 115 4.017369 20.473440 20.527870
B: 116 4.047801 20.527870 20.582310
B: 117 4.078232 20.582310 20.636750
B: 118 4.108663 20.636750 20.691190
B: 119 4.139094 20.691190 20.745620
B: 120 4.169526 20.745620 20.800060
B: 121 4.199957 20.800060 20.854500
B: 122 4.230388 20.854500 20.908940
B: 123 4.260819 20.908940 20.963380
B: 124 4.291251 20.963380 21.017810
B: 125 4.321682 21.017810 21.072250
B: 126 4.352113 21.072250 21.126690
B: 127 4.382545 21.126690 21.181130
B: 128 4.412976 21.181130 21.235560
B: 129 4.443407 21.235560 21.290000
B: 130 4.473838 21.290000 21.344440
B: 131 4.504270 21.344440 21.398880
B: 132 4.534701 21.398880 21.453310
B: 133 4.565132 21.453310 21.507750
B: 134 4.595563 21.507750 21.562190
B: 135 4.625995 21.562190 21.616630
B: 136 4.656426 21.616630 21.671060
B: 137 4.686857 21.671060 21.725500
B: 138 4.717288 21.725500 21.779940
B: 139 4.747720 21.779940 21.834380
B: 140 4.778151 21.834380 21.888810
B: 141 4.808582 21.888810 21.943250
B: 142 4.839014 21.943250 21.997690
B: 143 4.869445 21.997690 22.052130
B: 144 4.899876 22.052130 22.106570
B: 145 4.930307 22.106570 22.161000
B: 146 4.960739 22.161000 22.215440
B: 147 4.991170 22.215440 22.269880
B: 148 5.021601 22.269880 22.324320
B: 149 5.052032 22.324320 22.378750
B: 150 5.082464 22.378750 22.433190
B: 151 5.112895 22.433190 22.487630
B: 152 5.143326 22.487630 22.542070
B: 153 5.173758 22.542070 22.596500
B: 154 5.204189 22.596500 22.650940
B: 155 5.234620 22.650940 22.705380
B: 156 5.265051 22.705380 22.759820
B: 157 5.295483 22.759820 22.814250
B: 158 5.325914 22.814250 22.868690
B: 159 5.356345 22.868690 22.923130
B: 160 5.386776 22.923130 22.977570
B: 161 5.417208 22.977570 23.032010
B: 162 5.447639 23.032010 23.086440
B: 163 5.478070 23.086440 23.140880
B: 164 5.508502 23.140880 23.195320
B: 165 5.538933 23.195320 23.249760
B: 166 5.569364 23.249760 23.304190
B: 167 5.599795 23.304190 23.358630
B: 168 5.630227 23.358630 23.413070
B: 169 5.660658 23.413070 23.467510
B: 170 5.692759 23.467510 23.521940
B: 171 5.719499 23.521940 23.576380
B: 172 5.741193 23.576380 23.630820
B: 173 5.766147 23.630820 23.685260
B: 174 5.779806 23.685260 23.739690
B: 175 5.793017 23.739690 23.794130
B: 176 5.806523 23.794130 23.848570
B: 177 5.813373 23.848570 23.903010
B: 178 5.818586 23.903010 23.957450
B: 179 5.820402 23.957450 24.011880
B: 180 5.821527 24.011880 24.066320
B: 181 5.819502 24.066320 24.120760
B: 182 5.815827 24.120760 24.175200
B: 183 5.805829 24.175200 24.229630
B: 184 5.799283 24.229630 24.284070
B: 185 5.785298 24.284070 24.338510
B: 186 5.771600 24.338510 24.392950
B: 187 5.753708 24.392950 24.447380
B: 188 5.732012 24.447380 24.501820
B: 189 5.703728 24.501820 24.556260
B: 190 5.676731 24.556260 24.610700
B: 191 5.641446 24.610700 24.665130
B: 192 5.606408 24.665130 24.719570
B: 193 5.557518 24.719570 24.774010
B: 194 5.510130 24.774010 24.828450
B: 195 5.454128 24.828450 24.882880
B: 196 5.384895 24.882880 24.937320
B: 197 5.302365 24.937320 24.991760
B: 198 5.198582 24.991760 25.046200
B: 199 5.070129 25.046200 25.094640
