B: 0000 0.518378 27 14.213140 14.267580
B: 0001 0.531227 6 14.267580 14.322010
B: 0002 0.590900 11 14.322010 14.376450
B: 0003 0.606080 14 14.376450 14.430890
B: 0004 0.639828 10 14.430890 14.485320
B: 0005 0.672323 12 14.485320 14.539760
B: 0006 0.700345 17 14.539760 14.594200 ---
B: 0007 0.738676 19 14.594200 14.648630
B: 0008 0.767476 14 14.648630 14.703070
B: 0009 0.800445 19 14.703070 14.757510
B: 010 0.832081 21 14.757510 14.811940
B: 011 0.856632 18 14.811940 14.866380
B: 012 0.882136 17 14.866380 14.920820
B: 013 0.911085 32 14.920820 14.975250
B: 014 0.950790 21 14.975250 15.029690
B: 015 0.980040 26 15.029690 15.084130
B: 016 1.011225 28 15.084130 15.138560
B: 017 1.043994 31 15.138560 15.193000
B: 018 1.071540 28 15.193000 15.247440
B: 019 1.102389 33 15.247440 15.301870
B: 020 1.131705 40 15.301870 15.356310
B: 021 1.161387 28 15.356310 15.410750
B: 022 1.193643 41 15.410750 15.465180
B: 023 1.214616 38 15.465180 15.519620
B: 024 1.256782 39 15.519620 15.574060
B: 025 1.283204 39 15.574060 15.628490
B: 026 1.319789 57 15.628490 15.682930
B: 027 1.350489 43 15.682930 15.737370
B: 028 1.377641 42 15.737370 15.791800
B: 029 1.405679 49 15.791800 15.846240
B: 030 1.441074 58 15.846240 15.900680
B: 031 1.464461 56 15.900680 15.955110
B: 032 1.498837 44 15.955110 16.009550
B: 033 1.526878 70 16.009550 16.063990
B: 034 1.556411 55 16.063990 16.118430
B: 035 1.586039 55 16.118430 16.172860
B: 036 1.618991 80 16.172860 16.227300
B: 037 1.645988 59 16.227300 16.281740
B: 038 1.683039 68 16.281740 16.336180
B: 039 1.709399 71 16.336180 16.390610
B: 040 1.742938 79 16.390610 16.445050
B: 041 1.771674 72 16.445050 16.499490
B: 042 1.800704 84 16.499490 16.553930
B: 043 1.830871 79 16.553930 16.608360
B: 044 1.861214 75 16.608360 16.662800
B: 045 1.890506 90 16.662800 16.717240
B: 046 1.920985 84 16.717240 16.771680
B: 047 1.948834 95 16.771680 16.826110
B: 048 1.984192 93 16.826110 16.880550
B: 049 2.016057 90 16.880550 16.934990
B: 050 2.044337 98 16.934990 16.989430
B: 051 2.075168 107 16.989430 17.043870
B: 052 2.107113 102 17.043870 17.098300
B: 053 2.132324 89 17.098300 17.152740
B: 054 2.169586 121 17.152740 17.207180
B: 055 2.197079 110 17.207180 17.261620
B: 056 2.225424 106 17.261620 17.316050
B: 057 2.257985 126 17.316050 17.370490
B: 058 2.290194 109 17.370490 17.424930
B: 059 2.318308 125 17.424930 17.479370
B: 060 2.348520 129 17.479370 17.533800
B: 061 2.378658 128 17.533800 17.588240
B: 062 2.412425 126 17.588240 17.642680
B: 063 2.440998 132 17.642680 17.697120
B: 064 2.470010 145 17.697120 17.751550
B: 065 2.502022 136 17.751550 17.805990
B: 066 2.528710 142 17.805990 17.860430
B: 067 2.558080 148 17.860430 17.914870
B: 068 2.591727 145 17.914870 17.969310
B: 069 2.620047 159 17.969310 18.023740
B: 070 2.651472 157 18.023740 18.078180
B: 071 2.682287 152 18.078180 18.132620
B: 072 2.711107 166 18.132620 18.187060
B: 073 2.742590 160 18.187060 18.241490
B: 074 2.773052 168 18.241490 18.295930
B: 075 2.801883 165 18.295930 18.350370
B: 076 2.835207 178 18.350370 18.404810
B: 077 2.862366 175 18.404810 18.459240
B: 078 2.894871 176 18.459240 18.513680
B: 079 2.923329 182 18.513680 18.568120
B: 080 2.953197 195 18.568120 18.622560
B: 081 2.988163 181 18.622560 18.676990
B: 082 3.014916 183 18.676990 18.731430
B: 083 3.045616 214 18.731430 18.785870
B: 084 3.076533 196 18.785870 18.840310
B: 085 3.110035 178 18.840310 18.894740
B: 086 3.137535 218 18.894740 18.949180
B: 087 3.169803 211 18.949180 19.003620
B: 088 3.199955 200 19.003620 19.058060
B: 089 3.226402 220 19.058060 19.112500
B: 090 3.257856 225 19.112500 19.166930
B: 091 3.293530 225 19.166930 19.221370
B: 092 3.321213 214 19.221370 19.275810
B: 093 3.349649 241 19.275810 19.330250
B: 094 3.381540 217 19.330250 19.384680
B: 095 3.409255 246 19.384680 19.439120
B: 096 3.438444 223 19.439120 19.493560
B: 097 3.468553 246 19.493560 19.548000
B: 098 3.503904 249 19.548000 19.602430
B: 099 3.533247 243 19.602430 19.656870
B: 100 3.562119 245 19.656870 19.711310
B: 101 3.595515 265 19.711310 19.765750
B: 102 3.623513 260 19.765750 19.820180
B: 103 3.654061 264 19.820180 19.874620
B: 104 3.683861 237 19.874620 19.929060
B: 105 3.710036 282 19.929060 19.983500
B: 106 3.741061 274 19.983500 20.037940
B: 107 3.777027 276 20.037940 20.092370
B: 108 3.803093 268 20.092370 20.146810
B: 109 3.831921 274 20.146810 20.201250
B: 110 3.867024 293 20.201250 20.255690
B: 111 3.895741 276 20.255690 20.310120
B: 112 3.924778 284 20.310120 20.364560
B: 113 3.957171 298 20.364560 20.419000
B: 114 3.990003 304 20.419000 20.473440
B: 115 4.017245 286 20.473440 20.527870
B: 116 4.046623 310 20.527870 20.582310
B: 117 4.078197 311 20.582310 20.636750
B: 118 4.111579 292 20.636750 20.691190
B: 119 4.142518 303 20.691190 20.745620
B: 120 4.165969 330 20.745620 20.800060
B: 121 4.203551 311 20.800060 20.854500
B: 122 4.230237 304 20.854500 20.908940
B: 123 4.259426 318 20.908940 20.963380
B: 124 4.289478 331 20.963380 21.017810
B: 125 4.317855 306 21.017810 21.072250
B: 126 4.347659 288 21.072250 21.126690
B: 127 4.357441 295 21.126690 21.181130
B: 128 4.223267 259 21.181130 21.235560
B: 129 4.416013 210 21.235560 21.290000
B: 130 4.347537 228 21.290000 21.344440
B: 131 4.289130 257 21.344440 21.398880
B: 132 4.531769 296 21.398880 21.453310
B: 133 4.548937 317 21.453310 21.507750
B: 134 4.590688 321 21.507750 21.562190
B: 135 4.620375 339 21.562190 21.616630
B: 136 4.653131 355 21.616630 21.671060
B: 137 4.685761 385 21.671060 21.725500
B: 138 4.714528 375 21.725500 21.779940
B: 139 4.746684 363 21.779940 21.834380
B: 140 4.777190 400 21.834380 21.888810
B: 141 4.808563 399 21.888810 21.943250
B: 142 4.838686 420 21.943250 21.997690
B: 143 4.865394 393 21.997690 22.052130
B: 144 4.895635 408 22.052130 22.106570
B: 145 4.927958 475 22.106570 22.161000
B: 146 4.957192 406 22.161000 22.215440
B: 147 4.987691 439 22.215440 22.269880
B: 148 5.017172 488 22.269880 22.324320
B: 149 5.048501 438 22.324320 22.378750
B: 150 5.083702 481 22.378750 22.433190
B: 151 5.108243 500 22.433190 22.487630
B: 152 5.137060 466 22.487630 22.542070
B: 153 5.170325 496 22.542070 22.596500
B: 154 5.199710 512 22.596500 22.650940
B: 155 5.231124 527 22.650940 22.705380
B: 156 5.263592 505 22.705380 22.759820
B: 157 5.292509 538 22.759820 22.814250
B: 158 5.318679 514 22.814250 22.868690
B: 159 5.353167 568 22.868690 22.923130
B: 160 5.385251 530 22.923130 22.977570
B: 161 5.413979 574 22.977570 23.032010
B: 162 5.440501 586 23.032010 23.086440
B: 163 5.470074 547 23.086440 23.140880
B: 164 5.504666 592 23.140880 23.195320
B: 165 5.532057 609 23.195320 23.249760
B: 166 5.568695 605 23.249760 23.304190
B: 167 5.596268 617 23.304190 23.358630
B: 168 5.625273 607 23.358630 23.413070
B: 169 5.660658 648 23.413070 23.467510 ---
B: 170 5.692759 639 23.467510 23.521940
B: 171 5.719499 650 23.521940 23.576380
B: 172 5.741193 645 23.576380 23.630820
B: 173 5.766147 669 23.630820 23.685260
B: 174 5.779806 660 23.685260 23.739690
B: 175 5.793017 678 23.739690 23.794130
B: 176 5.806523 700 23.794130 23.848570
B: 177 5.813373 663 23.848570 23.903010
B: 178 5.818586 667 23.903010 23.957450
B: 179 5.820402 704 23.957450 24.011880
B: 180 5.821527 720 24.011880 24.066320
B: 181 5.819502 627 24.066320 24.120760
B: 182 5.815827 710 24.120760 24.175200
B: 183 5.805829 725 24.175200 24.229630
B: 184 5.799283 667 24.229630 24.284070
B: 185 5.785298 608 24.284070 24.338510
B: 186 5.771600 795 24.338510 24.392950
B: 187 5.753708 746 24.392950 24.447380
B: 188 5.732012 509 24.447380 24.501820
B: 189 5.703728 729 24.501820 24.556260
B: 190 5.676731 855 24.556260 24.610700
B: 191 5.641446 486 24.610700 24.665130
B: 192 5.606408 485 24.665130 24.719570
B: 193 5.557518 1099 24.719570 24.774010
B: 194 5.510130 447 24.774010 24.828450
B: 195 5.454128 272 24.828450 24.882880
B: 196 5.384895 1215 24.882880 24.937320
B: 197 5.302365 489 24.937320 24.991760
B: 198 5.198582 144 24.991760 25.046200
B: 199 5.070129 1791 25.046200 25.100640
