B: 0000 0.375656 14.212850 14.269660
B: 0001 0.374522 14.269660 14.326460
B: 0002 0.375408 14.326460 14.383270
B: 0003 0.377300 14.383270 14.440080
B: 0004 0.374854 14.440080 14.496890
B: 0005 0.375521 14.496890 14.553690
B: 0006 0.377573 14.553690 14.610500
B: 0007 0.378082 14.610500 14.667310
B: 0008 0.377628 14.667310 14.724120
B: 0009 0.378267 14.724120 14.780920
B: 010 0.387349 14.780920 14.837730
B: 011 0.382638 14.837730 14.894540
B: 012 0.385876 14.894540 14.951350
B: 013 0.389850 14.951350 15.008150
B: 014 0.391817 15.008150 15.064960
B: 015 0.399269 15.064960 15.121770
B: 016 0.403183 15.121770 15.178580
B: 017 0.410134 15.178580 15.235380
B: 018 0.415765 15.235380 15.292190
B: 019 0.424302 15.292190 15.349000
B: 020 0.433566 15.349000 15.405810
B: 021 0.441401 15.405810 15.462620
B: 022 0.450577 15.462620 15.519420
B: 023 0.461052 15.519420 15.576230
B: 024 0.471601 15.576230 15.633040
B: 025 0.483710 15.633040 15.689850
B: 026 0.495472 15.689850 15.746650
B: 027 0.515288 15.746650 15.803460
B: 028 0.522595 15.803460 15.860270
B: 029 0.537180 15.860270 15.917080
B: 030 0.551059 15.917080 15.973880
B: 031 0.566957 15.973880 16.030690
B: 032 0.582426 16.030690 16.087500
B: 033 0.599941 16.087500 16.144310
B: 034 0.616586 16.144310 16.201120
B: 035 0.636612 16.201120 16.257930
B: 036 0.655210 16.257930 16.314730
B: 037 0.674327 16.314730 16.371540
B: 038 0.696113 16.371540 16.428350
B: 039 0.716637 16.428350 16.485160
B: 040 0.739757 16.485160 16.541970
B: 041 0.761567 16.541970 16.598780
B: 042 0.785419 16.598780 16.655580
B: 043 0.810409 16.655580 16.712390
B: 044 0.835313 16.712390 16.769200
B: 045 0.862208 16.769200 16.826010
B: 046 0.889293 16.826010 16.882820
B: 047 0.916128 16.882820 16.939630
B: 048 0.945871 16.939630 16.996440
B: 049 0.976453 16.996440 17.053240
B: 050 1.006791 17.053240 17.110050
B: 051 1.039804 17.110050 17.166860
B: 052 1.071444 17.166860 17.223670
B: 053 1.108653 17.223670 17.280480
B: 054 1.140606 17.280480 17.337290
B: 055 1.177768 17.337290 17.394090
B: 056 1.213070 17.394090 17.450900
B: 057 1.248979 17.450900 17.507710
B: 058 1.287828 17.507710 17.564520
B: 059 1.331067 17.564520 17.621330
B: 060 1.369797 17.621330 17.678140
B: 061 1.412370 17.678140 17.734950
B: 062 1.456631 17.734950 17.791750
B: 063 1.501917 17.791750 17.848560
B: 064 1.549313 17.848560 17.905370
B: 065 1.594735 17.905370 17.962180
B: 066 1.643593 17.962180 18.018990
B: 067 1.694512 18.018990 18.075800
B: 068 1.746837 18.075800 18.132600
B: 069 1.799354 18.132600 18.189410
B: 070 1.855690 18.189410 18.246220
B: 071 1.913548 18.246220 18.303030
B: 072 1.974329 18.303030 18.359840
B: 073 2.035978 18.359840 18.416650
B: 074 2.097066 18.416650 18.473460
B: 075 2.161993 18.473460 18.530260
B: 076 2.231624 18.530260 18.587070
B: 077 2.301686 18.587070 18.643880
B: 078 2.373480 18.643880 18.700690
B: 079 2.455069 18.700690 18.757500
B: 080 2.526410 18.757500 18.814310
B: 081 2.610440 18.814310 18.871110
B: 082 2.695822 18.871110 18.927920
B: 083 2.785523 18.927920 18.984730
B: 084 2.867173 18.984730 19.041540
B: 085 2.952728 19.041540 19.098350
B: 086 3.036230 19.098350 19.155160
B: 087 3.110145 19.155160 19.211970
B: 088 3.188049 19.211970 19.268770
B: 089 3.262234 19.268770 19.325580
B: 090 3.339132 19.325580 19.382390
B: 091 3.402602 19.382390 19.439200
B: 092 3.473998 19.439200 19.496010
B: 093 3.541048 19.496010 19.552820
B: 094 3.604764 19.552820 19.609620
B: 095 3.670273 19.609620 19.666430
B: 096 3.730326 19.666430 19.723240
B: 097 3.793402 19.723240 19.780050
B: 098 3.853611 19.780050 19.836860
B: 099 3.909367 19.836860 19.893670
B: 100 3.969049 19.893670 19.950480
B: 101 4.023676 19.950480 20.007280
B: 102 4.076847 20.007280 20.064090
B: 103 4.131264 20.064090 20.120900
B: 104 4.183947 20.120900 20.177710
B: 105 4.235312 20.177710 20.234520
B: 106 4.283935 20.234520 20.291330
B: 107 4.333629 20.291330 20.348130
B: 108 4.383941 20.348130 20.404940
B: 109 4.429345 20.404940 20.461750
B: 110 4.477610 20.461750 20.518560
B: 111 4.526096 20.518560 20.575370
B: 112 4.565733 20.575370 20.632180
B: 113 4.620434 20.632180 20.688990
B: 114 4.651026 20.688990 20.745790
B: 115 4.693961 20.745790 20.802600
B: 116 4.733256 20.802600 20.859410
B: 117 4.779053 20.859410 20.916220
B: 118 4.823162 20.916220 20.973030
B: 119 4.853050 20.973030 21.029840
B: 120 4.889699 21.029840 21.086650
B: 121 4.926058 21.086650 21.143450
B: 122 4.963070 21.143450 21.200260
B: 123 4.998214 21.200260 21.257070
B: 124 5.033591 21.257070 21.313880
B: 125 5.067263 21.313880 21.370690
B: 126 5.099840 21.370690 21.427500
B: 127 5.165278 21.427500 21.484300
B: 128 5.164564 21.484300 21.541110
B: 129 5.195739 21.541110 21.597920
B: 130 5.227995 21.597920 21.654730
B: 131 5.255873 21.654730 21.711540
B: 132 5.286078 21.711540 21.768350
B: 133 5.315321 21.768350 21.825160
B: 134 5.342906 21.825160 21.881960
B: 135 5.370075 21.881960 21.938770
B: 136 5.396417 21.938770 21.995580
B: 137 5.423089 21.995580 22.052390
B: 138 5.449560 22.052390 22.109200
B: 139 5.474349 22.109200 22.166010
B: 140 5.500278 22.166010 22.222810
B: 141 5.523115 22.222810 22.279620
B: 142 5.546594 22.279620 22.336430
B: 143 5.568457 22.336430 22.393240
B: 144 5.591203 22.393240 22.450050
B: 145 5.613093 22.450050 22.506860
B: 146 5.633427 22.506860 22.563670
B: 147 5.655071 22.563670 22.620470
B: 148 5.674605 22.620470 22.677280
B: 149 5.694548 22.677280 22.734090
B: 150 5.713933 22.734090 22.790900
B: 151 5.732129 22.790900 22.847710
B: 152 5.750688 22.847710 22.904520
B: 153 5.767656 22.904520 22.961320
B: 154 5.784682 22.961320 23.018130
B: 155 5.820247 23.018130 23.074940
B: 156 5.816926 23.074940 23.131750
B: 157 5.833986 23.131750 23.188560
B: 158 5.848186 23.188560 23.245370
B: 159 5.863303 23.245370 23.302180
B: 160 5.890554 23.302180 23.358980
B: 161 5.890632 23.358980 23.415790
B: 162 5.903897 23.415790 23.472600
B: 163 5.917295 23.472600 23.529410
B: 164 5.928628 23.529410 23.586220
B: 165 5.940390 23.586220 23.643030
B: 166 5.951998 23.643030 23.699830
B: 167 5.963619 23.699830 23.756640
B: 168 5.972068 23.756640 23.813450
B: 169 5.982306 23.813450 23.870260
B: 170 5.991551 23.870260 23.927070
B: 171 5.999928 23.927070 23.983880
B: 172 6.009601 23.983880 24.040690
B: 173 6.016346 24.040690 24.097490
B: 174 6.024426 24.097490 24.154300
B: 175 6.031302 24.154300 24.211110
B: 176 6.038068 24.211110 24.267920
B: 177 6.044485 24.267920 24.324730
B: 178 6.057998 24.324730 24.381540
B: 179 6.055485 24.381540 24.438340
B: 180 6.060199 24.438340 24.495150
B: 181 6.065417 24.495150 24.551960
B: 182 6.078827 24.551960 24.608770
B: 183 6.074129 24.608770 24.665580
B: 184 6.074876 24.665580 24.722390
B: 185 6.097233 24.722390 24.779200
B: 186 6.080926 24.779200 24.836000
B: 187 6.081573 24.836000 24.892810
B: 188 6.080599 24.892810 24.949620
B: 189 6.077182 24.949620 25.006430
B: 190 6.073250 25.006430 25.063240
B: 191 6.054288 25.063240 25.120050
B: 192 6.036591 25.120050 25.176860
B: 193 6.012908 25.176860 25.233660
B: 194 5.980899 25.233660 25.290470
B: 195 5.942926 25.290470 25.347280
B: 196 5.898332 25.347280 25.404090
B: 197 5.843130 25.404090 25.460900
B: 198 5.760926 25.460900 25.517710
B: 199 5.655900 25.517710 25.574510
