B: 000 0.533300 14.213000 14.267430
B: 001 0.562958 14.267430 14.321860
B: 002 0.592851 14.321860 14.376290
B: 003 0.624206 14.376290 14.430720
B: 004 0.653982 14.430720 14.485150
B: 005 0.683732 14.485150 14.539580
B: 006 0.715011 14.539580 14.594020
B: 007 0.745399 14.594020 14.648450
B: 008 0.776245 14.648450 14.702880
B: 009 0.806487 14.702880 14.757310
B: 010 0.835974 14.757310 14.811740
B: 011 0.865647 14.811740 14.866170
B: 012 0.897335 14.866170 14.920600
B: 013 0.927210 14.920600 14.975030
B: 014 0.958744 14.975030 15.029460
B: 015 0.987809 15.029460 15.083890
B: 016 1.018740 15.083890 15.138320
B: 017 1.049299 15.138320 15.192760
B: 018 1.078913 15.192760 15.247190
B: 019 1.109483 15.247190 15.301620
B: 020 1.140075 15.301620 15.356050
B: 021 1.170437 15.356050 15.410480
B: 022 1.200408 15.410480 15.464910
B: 023 1.230148 15.464910 15.519340
B: 024 1.261622 15.519340 15.573770
B: 025 1.291658 15.573770 15.628200
B: 026 1.322519 15.628200 15.682630
B: 027 1.352546 15.682630 15.737070
B: 028 1.382607 15.737070 15.791500
B: 029 1.413080 15.791500 15.845930
B: 030 1.442899 15.845930 15.900360
B: 031 1.473217 15.900360 15.954790
B: 032 1.504068 15.954790 16.009220
B: 033 1.534207 16.009220 16.063650
B: 034 1.566069 16.063650 16.118080
B: 035 1.594337 16.118080 16.172520
B: 036 1.625608 16.172520 16.226950
B: 037 1.655264 16.226950 16.281380
B: 038 1.687285 16.281380 16.335810
B: 039 1.717864 16.335810 16.390240
B: 040 1.748250 16.390240 16.444680
B: 041 1.779378 16.444680 16.499110
B: 042 1.808723 16.499110 16.553540
B: 043 1.840024 16.553540 16.607970
B: 044 1.869489 16.607970 16.662400
B: 045 1.898806 16.662400 16.716840
B: 046 1.930518 16.716840 16.771270
B: 047 1.959855 16.771270 16.825700
B: 048 1.991058 16.825700 16.880130
B: 049 2.020854 16.880130 16.934560
B: 050 2.051635 16.934560 16.988990
B: 051 2.082008 16.988990 17.043430
B: 052 2.110859 17.043430 17.097860
B: 053 2.142174 17.097860 17.152290
B: 054 2.172786 17.152290 17.206720
B: 055 2.203100 17.206720 17.261150
B: 056 2.233235 17.261150 17.315590
B: 057 2.264889 17.315590 17.370020
B: 058 2.293526 17.370020 17.424450
B: 059 2.324059 17.424450 17.478880
B: 060 2.355719 17.478880 17.533310
B: 061 2.388766 17.533310 17.587750
B: 062 2.415511 17.587750 17.642180
B: 063 2.445493 17.642180 17.696610
B: 064 2.476846 17.696610 17.751040
B: 065 2.506737 17.751040 17.805470
B: 066 2.537503 17.805470 17.859910
B: 067 2.567399 17.859910 17.914340
B: 068 2.597173 17.914340 17.968770
B: 069 2.626592 17.968770 18.023200
B: 070 2.657714 18.023200 18.077630
B: 071 2.688200 18.077630 18.132060
B: 072 2.718577 18.132060 18.186500
B: 073 2.749285 18.186500 18.240930
B: 074 2.779654 18.240930 18.295360
B: 075 2.811371 18.295360 18.349790
B: 076 2.841763 18.349790 18.404220
B: 077 2.870199 18.404220 18.458660
B: 078 2.901865 18.458660 18.513090
B: 079 2.932847 18.513090 18.567520
B: 080 2.960946 18.567520 18.621950
B: 081 2.993712 18.621950 18.676380
B: 082 3.023710 18.676380 18.730820
B: 083 3.054280 18.730820 18.785250
B: 084 3.084320 18.785250 18.839680
B: 085 3.114777 18.839680 18.894110
B: 086 3.144173 18.894110 18.948540
B: 087 3.174582 18.948540 19.002980
B: 088 3.204945 19.002980 19.057410
B: 089 3.236373 19.057410 19.111840
B: 090 3.266299 19.111840 19.166270
B: 091 3.296473 19.166270 19.220700
B: 092 3.327253 19.220700 19.275140
B: 093 3.357594 19.275140 19.329570
B: 094 3.387924 19.329570 19.384000
B: 095 3.417247 19.384000 19.438430
B: 096 3.449223 19.438430 19.492860
B: 097 3.478969 19.492860 19.547290
B: 098 3.510013 19.547290 19.601730
B: 099 3.539148 19.601730 19.656160
B: 100 3.571071 19.656160 19.710590
B: 101 3.600170 19.710590 19.765020
B: 102 3.631457 19.765020 19.819450
B: 103 3.662019 19.819450 19.873890
B: 104 3.692860 19.873890 19.928320
B: 105 3.721692 19.928320 19.982750
B: 106 3.751705 19.982750 20.037180
B: 107 3.782647 20.037180 20.091610
B: 108 3.813001 20.091610 20.146050
B: 109 3.843230 20.146050 20.200480
B: 110 3.872862 20.200480 20.254910
B: 111 3.903910 20.254910 20.309340
B: 112 3.933460 20.309340 20.363770
B: 113 3.963724 20.363770 20.418210
B: 114 3.995507 20.418210 20.472640
B: 115 4.024379 20.472640 20.527070
B: 116 4.057714 20.527070 20.581500
B: 117 4.087147 20.581500 20.635930
B: 118 4.118728 20.635930 20.690360
B: 119 4.147797 20.690360 20.744800
B: 120 4.178256 20.744800 20.799230
B: 121 4.210329 20.799230 20.853660
B: 122 4.238109 20.853660 20.908090
B: 123 4.269380 20.908090 20.962520
B: 124 4.299178 20.962520 21.016960
B: 125 4.328781 21.016960 21.071390
B: 126 4.360150 21.071390 21.125820
B: 127 4.391092 21.125820 21.180250
B: 128 4.422241 21.180250 21.234680
B: 129 4.453303 21.234680 21.289120
B: 130 4.482674 21.289120 21.343550
B: 131 4.513737 21.343550 21.397980
B: 132 4.543746 21.397980 21.452410
B: 133 4.574504 21.452410 21.506840
B: 134 4.603865 21.506840 21.561280
B: 135 4.634242 21.561280 21.615710
B: 136 4.665437 21.615710 21.670140
B: 137 4.694537 21.670140 21.724570
B: 138 4.726250 21.724570 21.779000
B: 139 4.755683 21.779000 21.833440
B: 140 4.787939 21.833440 21.887870
B: 141 4.817033 21.887870 21.942300
B: 142 4.847307 21.942300 21.996730
B: 143 4.878450 21.996730 22.051160
B: 144 4.909078 22.051160 22.105590
B: 145 4.938177 22.105590 22.160030
B: 146 4.969844 22.160030 22.214460
B: 147 5.000711 22.214460 22.268890
B: 148 5.031147 22.268890 22.323320
B: 149 5.060213 22.323320 22.377750
B: 150 5.089915 22.377750 22.432190
B: 151 5.122226 22.432190 22.486620
B: 152 5.151683 22.486620 22.541050
B: 153 5.181938 22.541050 22.595480
B: 154 5.212910 22.595480 22.649910
B: 155 5.241931 22.649910 22.704350
B: 156 5.274220 22.704350 22.758780
B: 157 5.304101 22.758780 22.813210
B: 158 5.334538 22.813210 22.867640
B: 159 5.365039 22.867640 22.922070
B: 160 5.396110 22.922070 22.976510
B: 161 5.426161 22.976510 23.030940
B: 162 5.455298 23.030940 23.085370
B: 163 5.487317 23.085370 23.139800
B: 164 5.517584 23.139800 23.194230
B: 165 5.546033 23.194230 23.248660
B: 166 5.576729 23.248660 23.303100
B: 167 5.607945 23.303100 23.357530
B: 168 5.639771 23.357530 23.411960
B: 169 5.673649 23.411960 23.466390
B: 170 5.704886 23.466390 23.520820
B: 171 5.731546 23.520820 23.575260
B: 172 5.756269 23.575260 23.629690
B: 173 5.775434 23.629690 23.684120
B: 174 5.791728 23.684120 23.738550
B: 175 5.805037 23.738550 23.792980
B: 176 5.815952 23.792980 23.847420
B: 177 5.823296 23.847420 23.901850
B: 178 5.827074 23.901850 23.956280
B: 179 5.829679 23.956280 24.010710
B: 180 5.830616 24.010710 24.065140
B: 181 5.829082 24.065140 24.119580
B: 182 5.825331 24.119580 24.174010
B: 183 5.818023 24.174010 24.228440
B: 184 5.807897 24.228440 24.282870
B: 185 5.795641 24.282870 24.337300
B: 186 5.780276 24.337300 24.391740
B: 187 5.761481 24.391740 24.446170
B: 188 5.739708 24.446170 24.500600
B: 189 5.715852 24.500600 24.555030
B: 190 5.684900 24.555030 24.609460
B: 191 5.652441 24.609460 24.663890
B: 192 5.618892 24.663890 24.718330
B: 193 5.569201 24.718330 24.772760
B: 194 5.519170 24.772760 24.827190
B: 195 5.464664 24.827190 24.881620
B: 196 5.394235 24.881620 24.936050
B: 197 5.315111 24.936050 24.990490
B: 198 5.215367 24.990490 25.044920
B: 199 5.091815 25.044920 25.099350
