B: 0000 0.532959 14.215660 14.270080
B: 0001 0.564931 14.270080 14.324500
B: 0002 0.594110 14.324500 14.378920
B: 0003 0.625431 14.378920 14.433340
B: 0004 0.655748 14.433340 14.487750
B: 0005 0.684675 14.487750 14.542170
B: 0006 0.720185 14.542170 14.596590
B: 0007 0.748445 14.596590 14.651010
B: 0008 0.775722 14.651010 14.705420
B: 0009 0.806986 14.705420 14.759840
B: 010 0.836495 14.759840 14.814260
B: 011 0.878494 14.814260 14.868680
B: 012 0.896767 14.868680 14.923090
B: 013 0.928281 14.923090 14.977510
B: 014 0.958435 14.977510 15.031930
B: 015 0.990947 15.031930 15.086350
B: 016 1.018509 15.086350 15.140760
B: 017 1.048437 15.140760 15.195180
B: 018 1.081111 15.195180 15.249600
B: 019 1.149951 15.249600 15.304020
B: 020 1.140781 15.304020 15.358430
B: 021 1.212776 15.358430 15.412850
B: 022 1.219116 15.412850 15.467270
B: 023 1.247036 15.467270 15.521690
B: 024 1.263605 15.521690 15.576110
B: 025 1.294420 15.576110 15.630520
B: 026 1.324897 15.630520 15.684940
B: 027 1.358242 15.684940 15.739360
B: 028 1.384070 15.739360 15.793780
B: 029 1.416373 15.793780 15.848190
B: 030 1.446059 15.848190 15.902610
B: 031 1.476904 15.902610 15.957030
B: 032 1.506751 15.957030 16.011450
B: 033 1.535883 16.011450 16.065860
B: 034 1.567062 16.065860 16.120280
B: 035 1.597340 16.120280 16.174700
B: 036 1.628295 16.174700 16.229120
B: 037 1.658500 16.229120 16.283540
B: 038 1.685547 16.283540 16.337960
B: 039 1.713496 16.337960 16.392380
B: 040 1.744045 16.392380 16.446790
B: 041 1.775464 16.446790 16.501210
B: 042 1.802307 16.501210 16.555630
B: 043 1.828024 16.555630 16.610050
B: 044 1.866615 16.610050 16.664470
B: 045 1.890728 16.664470 16.718890
B: 046 1.926137 16.718890 16.773310
B: 047 1.954285 16.773310 16.827720
B: 048 1.987819 16.827720 16.882140
B: 049 2.011369 16.882140 16.936560
B: 050 2.044317 16.936560 16.990980
B: 051 2.073364 16.990980 17.045400
B: 052 2.107058 17.045400 17.099820
B: 053 2.133817 17.099820 17.154240
B: 054 2.166538 17.154240 17.208650
B: 055 2.194139 17.208650 17.263070
B: 056 2.232362 17.263070 17.317490
B: 057 2.259274 17.317490 17.371910
B: 058 2.291121 17.371910 17.426330
B: 059 2.317422 17.426330 17.480750
B: 060 2.348251 17.480750 17.535170
B: 061 2.382041 17.535170 17.589580
B: 062 2.409245 17.589580 17.644000
B: 063 2.444060 17.644000 17.698420
B: 064 2.476539 17.698420 17.752840
B: 065 2.498501 17.752840 17.807260
B: 066 2.534319 17.807260 17.861680
B: 067 2.567579 17.861680 17.916100
B: 068 2.594104 17.916100 17.970510
B: 069 2.625317 17.970510 18.024930
B: 070 2.657547 18.024930 18.079350
B: 071 2.687668 18.079350 18.133770
B: 072 2.712422 18.133770 18.188190
B: 073 2.749555 18.188190 18.242610
B: 074 2.778055 18.242610 18.297030
B: 075 2.808101 18.297030 18.351440
B: 076 2.842031 18.351440 18.405860
B: 077 2.867216 18.405860 18.460280
B: 078 2.900374 18.460280 18.514700
B: 079 2.928537 18.514700 18.569120
B: 080 2.960819 18.569120 18.623540
B: 081 2.996495 18.623540 18.677960
B: 082 3.025943 18.677960 18.732370
B: 083 3.056486 18.732370 18.786790
B: 084 3.083734 18.786790 18.841210
B: 085 3.118147 18.841210 18.895630
B: 086 3.144830 18.895630 18.950050
B: 087 3.175740 18.950050 19.004470
B: 088 3.207406 19.004470 19.058890
B: 089 3.238909 19.058890 19.113300
B: 090 3.267806 19.113300 19.167720
B: 091 3.300139 19.167720 19.222140
B: 092 3.325438 19.222140 19.276560
B: 093 3.358083 19.276560 19.330980
B: 094 3.392452 19.330980 19.385400
B: 095 3.421377 19.385400 19.439820
B: 096 3.456198 19.439820 19.494230
B: 097 3.484050 19.494230 19.548650
B: 098 3.515621 19.548650 19.603070
B: 099 3.542349 19.603070 19.657490
B: 100 3.571315 19.657490 19.711910
B: 101 3.606894 19.711910 19.766330
B: 102 3.636343 19.766330 19.820750
B: 103 3.666457 19.820750 19.875160
B: 104 3.699338 19.875160 19.929580
B: 105 3.728331 19.929580 19.984000
B: 106 3.754829 19.984000 20.038420
B: 107 3.786677 20.038420 20.092840
B: 108 3.820544 20.092840 20.147260
B: 109 3.851379 20.147260 20.201680
B: 110 3.882110 20.201680 20.256090
B: 111 3.910409 20.256090 20.310510
B: 112 3.940263 20.310510 20.364930
B: 113 3.973086 20.364930 20.419350
B: 114 4.003724 20.419350 20.473770
B: 115 4.035203 20.473770 20.528190
B: 116 4.066643 20.528190 20.582610
B: 117 4.095806 20.582610 20.637020
B: 118 4.125983 20.637020 20.691440
B: 119 4.158657 20.691440 20.745860
B: 120 4.187263 20.745860 20.800280
B: 121 4.219302 20.800280 20.854700
B: 122 4.250453 20.854700 20.909120
B: 123 4.278424 20.909120 20.963540
B: 124 4.312105 20.963540 21.017950
B: 125 4.339977 21.017950 21.072370
B: 126 4.369565 21.072370 21.126790
B: 127 4.400462 21.126790 21.181210
B: 128 4.431299 21.181210 21.235630
B: 129 4.460652 21.235630 21.290050
B: 130 4.494823 21.290050 21.344470
B: 131 4.525110 21.344470 21.398880
B: 132 4.556453 21.398880 21.453300
B: 133 4.584481 21.453300 21.507720
B: 134 4.617048 21.507720 21.562140
B: 135 4.646409 21.562140 21.616560
B: 136 4.675786 21.616560 21.670980
B: 137 4.708385 21.670980 21.725400
B: 138 4.738703 21.725400 21.779810
B: 139 4.767775 21.779810 21.834230
B: 140 4.798931 21.834230 21.888650
B: 141 4.828576 21.888650 21.943070
B: 142 4.859502 21.943070 21.997490
B: 143 4.892626 21.997490 22.051910
B: 144 4.920229 22.051910 22.106330
B: 145 4.950064 22.106330 22.160740
B: 146 4.980793 22.160740 22.215160
B: 147 5.011416 22.215160 22.269580
B: 148 5.041403 22.269580 22.324000
B: 149 5.073377 22.324000 22.378420
B: 150 5.104363 22.378420 22.432840
B: 151 5.134275 22.432840 22.487260
B: 152 5.163329 22.487260 22.541670
B: 153 5.195710 22.541670 22.596090
B: 154 5.225468 22.596090 22.650510
B: 155 5.256095 22.650510 22.704930
B: 156 5.288688 22.704930 22.759350
B: 157 5.316261 22.759350 22.813770
B: 158 5.346693 22.813770 22.868190
B: 159 5.377057 22.868190 22.922600
B: 160 5.409544 22.922600 22.977020
B: 161 5.439420 22.977020 23.031440
B: 162 5.468738 23.031440 23.085860
B: 163 5.499212 23.085860 23.140280
B: 164 5.530877 23.140280 23.194700
B: 165 5.560351 23.194700 23.249110
B: 166 5.590985 23.249110 23.303530
B: 167 5.621284 23.303530 23.357950
B: 168 5.653915 23.357950 23.412370
B: 169 5.689725 23.412370 23.466790
B: 170 5.718203 23.466790 23.521210
B: 171 5.744295 23.521210 23.575630
B: 172 5.766117 23.575630 23.630040
B: 173 5.787116 23.630040 23.684460
B: 174 5.802262 23.684460 23.738880
B: 175 5.815326 23.738880 23.793300
B: 176 5.825792 23.793300 23.847720
B: 177 5.834092 23.847720 23.902140
B: 178 5.838245 23.902140 23.956560
B: 179 5.840484 23.956560 24.010970
B: 180 5.839903 24.010970 24.065390
B: 181 5.839156 24.065390 24.119810
B: 182 5.834114 24.119810 24.174230
B: 183 5.828219 24.174230 24.228650
B: 184 5.817295 24.228650 24.283070
B: 185 5.803865 24.283070 24.337490
B: 186 5.788957 24.337490 24.391900
B: 187 5.769857 24.391900 24.446320
B: 188 5.747893 24.446320 24.500740
B: 189 5.721731 24.500740 24.555160
B: 190 5.691847 24.555160 24.609580
B: 191 5.658042 24.609580 24.664000
B: 192 5.620537 24.664000 24.718420
B: 193 5.574270 24.718420 24.772830
B: 194 5.524416 24.772830 24.827250
B: 195 5.463891 24.827250 24.881670
B: 196 5.396460 24.881670 24.936090
B: 197 5.312520 24.936090 24.990510
B: 198 5.212683 24.990510 25.044930
B: 199 5.078983 25.044930 25.099350
