B: 0000 0.534755 14.215660 14.270080
B: 0001 0.564608 14.270080 14.324500
B: 0002 0.594610 14.324500 14.378920
B: 0003 0.625355 14.378920 14.433340
B: 0004 0.656098 14.433340 14.487750
B: 0005 0.686717 14.487750 14.542170
B: 0006 0.716955 14.542170 14.596590
B: 0007 0.747221 14.596590 14.651010
B: 0008 0.777700 14.651010 14.705420
B: 0009 0.807810 14.705420 14.759840
B: 010 0.838248 14.759840 14.814260
B: 011 0.868355 14.814260 14.868680
B: 012 0.898730 14.868680 14.923090
B: 013 0.928777 14.923090 14.977510
B: 014 0.958967 14.977510 15.031930
B: 015 1.015310 15.031930 15.086350
B: 016 1.021458 15.086350 15.140760
B: 017 1.050974 15.140760 15.195180
B: 018 1.080885 15.195180 15.249600
B: 019 1.112088 15.249600 15.304020
B: 020 1.141935 15.304020 15.358430
B: 021 1.199555 15.358430 15.412850
B: 022 1.202214 15.412850 15.467270
B: 023 1.231978 15.467270 15.521690
B: 024 1.262422 15.521690 15.576110
B: 025 1.293700 15.576110 15.630520
B: 026 1.324099 15.630520 15.684940
B: 027 1.355909 15.684940 15.739360
B: 028 1.385050 15.739360 15.793780
B: 029 1.416361 15.793780 15.848190
B: 030 1.445926 15.848190 15.902610
B: 031 1.476157 15.902610 15.957030
B: 032 1.513139 15.957030 16.011450
B: 033 1.535563 16.011450 16.065860
B: 034 1.569148 16.065860 16.120280
B: 035 1.599491 16.120280 16.174700
B: 036 1.628898 16.174700 16.229120
B: 037 1.658097 16.229120 16.283540
B: 038 1.688807 16.283540 16.337960
B: 039 1.719575 16.337960 16.392380
B: 040 1.749310 16.392380 16.446790
B: 041 1.781579 16.446790 16.501210
B: 042 1.812067 16.501210 16.555630
B: 043 1.840568 16.555630 16.610050
B: 044 1.872543 16.610050 16.664470
B: 045 1.900646 16.664470 16.718890
B: 046 1.932942 16.718890 16.773310
B: 047 1.961483 16.773310 16.827720
B: 048 1.994444 16.827720 16.882140
B: 049 2.017648 16.882140 16.936560
B: 050 2.050222 16.936560 16.990980
B: 051 2.079942 16.990980 17.045400
B: 052 2.109182 17.045400 17.099820
B: 053 2.140018 17.099820 17.154240
B: 054 2.167481 17.154240 17.208650
B: 055 2.203379 17.208650 17.263070
B: 056 2.229219 17.263070 17.317490
B: 057 2.259964 17.317490 17.371910
B: 058 2.293580 17.371910 17.426330
B: 059 2.324584 17.426330 17.480750
B: 060 2.350030 17.480750 17.535170
B: 061 2.380503 17.535170 17.589580
B: 062 2.413457 17.589580 17.644000
B: 063 2.441942 17.644000 17.698420
B: 064 2.471946 17.698420 17.752840
B: 065 2.503534 17.752840 17.807260
B: 066 2.533309 17.807260 17.861680
B: 067 2.564182 17.861680 17.916100
B: 068 2.604105 17.916100 17.970510
B: 069 2.630626 17.970510 18.024930
B: 070 2.656611 18.024930 18.079350
B: 071 2.687589 18.079350 18.133770
B: 072 2.717802 18.133770 18.188190
B: 073 2.743718 18.188190 18.242610
B: 074 2.777903 18.242610 18.297030
B: 075 2.810340 18.297030 18.351440
B: 076 2.846040 18.351440 18.405860
B: 077 2.874283 18.405860 18.460280
B: 078 2.898191 18.460280 18.514700
B: 079 2.929024 18.514700 18.569120
B: 080 2.962699 18.569120 18.623540
B: 081 2.994043 18.623540 18.677960
B: 082 3.024829 18.677960 18.732370
B: 083 3.053230 18.732370 18.786790
B: 084 3.082717 18.786790 18.841210
B: 085 3.113297 18.841210 18.895630
B: 086 3.144775 18.895630 18.950050
B: 087 3.187824 18.950050 19.004470
B: 088 3.205681 19.004470 19.058890
B: 089 3.247695 19.058890 19.113300
B: 090 3.265892 19.113300 19.167720
B: 091 3.296188 19.167720 19.222140
B: 092 3.328894 19.222140 19.276560
B: 093 3.357157 19.276560 19.330980
B: 094 3.388523 19.330980 19.385400
B: 095 3.419812 19.385400 19.439820
B: 096 3.450060 19.439820 19.494230
B: 097 3.481233 19.494230 19.548650
B: 098 3.510032 19.548650 19.603070
B: 099 3.539299 19.603070 19.657490
B: 100 3.570618 19.657490 19.711910
B: 101 3.601164 19.711910 19.766330
B: 102 3.632337 19.766330 19.820750
B: 103 3.665375 19.820750 19.875160
B: 104 3.694996 19.875160 19.929580
B: 105 3.726103 19.929580 19.984000
B: 106 3.754749 19.984000 20.038420
B: 107 3.786926 20.038420 20.092840
B: 108 3.816631 20.092840 20.147260
B: 109 3.850197 20.147260 20.201680
B: 110 3.880985 20.201680 20.256090
B: 111 3.909245 20.256090 20.310510
B: 112 3.938575 20.310510 20.364930
B: 113 3.970036 20.364930 20.419350
B: 114 4.000835 20.419350 20.473770
B: 115 4.032248 20.473770 20.528190
B: 116 4.061176 20.528190 20.582610
B: 117 4.094488 20.582610 20.637020
B: 118 4.123960 20.637020 20.691440
B: 119 4.153570 20.691440 20.745860
B: 120 4.182911 20.745860 20.800280
B: 121 4.213804 20.800280 20.854700
B: 122 4.245658 20.854700 20.909120
B: 123 4.277636 20.909120 20.963540
B: 124 4.306710 20.963540 21.017950
B: 125 4.338311 21.017950 21.072370
B: 126 4.366247 21.072370 21.126790
B: 127 4.398525 21.126790 21.181210
B: 128 4.430146 21.181210 21.235630
B: 129 4.461035 21.235630 21.290050
B: 130 4.489865 21.290050 21.344470
B: 131 4.521006 21.344470 21.398880
B: 132 4.550797 21.398880 21.453300
B: 133 4.581012 21.453300 21.507720
B: 134 4.611581 21.507720 21.562140
B: 135 4.641942 21.562140 21.616560
B: 136 4.677807 21.616560 21.670980
B: 137 4.703208 21.670980 21.725400
B: 138 4.734745 21.725400 21.779810
B: 139 4.764280 21.779810 21.834230
B: 140 4.794539 21.834230 21.888650
B: 141 4.825554 21.888650 21.943070
B: 142 4.854973 21.943070 21.997490
B: 143 4.885294 21.997490 22.051910
B: 144 4.917476 22.051910 22.106330
B: 145 4.946354 22.106330 22.160740
B: 146 4.977092 22.160740 22.215160
B: 147 5.007397 22.215160 22.269580
B: 148 5.038494 22.269580 22.324000
B: 149 5.068860 22.324000 22.378420
B: 150 5.099441 22.378420 22.432840
B: 151 5.129939 22.432840 22.487260
B: 152 5.163627 22.487260 22.541670
B: 153 5.192246 22.541670 22.596090
B: 154 5.222318 22.596090 22.650510
B: 155 5.251577 22.650510 22.704930
B: 156 5.281944 22.704930 22.759350
B: 157 5.313887 22.759350 22.813770
B: 158 5.344625 22.813770 22.868190
B: 159 5.374163 22.868190 22.922600
B: 160 5.403972 22.922600 22.977020
B: 161 5.434550 22.977020 23.031440
B: 162 5.464524 23.031440 23.085860
B: 163 5.495903 23.085860 23.140280
B: 164 5.528016 23.140280 23.194700
B: 165 5.555448 23.194700 23.249110
B: 166 5.586480 23.249110 23.303530
B: 167 5.617038 23.303530 23.357950
B: 168 5.647840 23.357950 23.412370
B: 169 5.683020 23.412370 23.466790
B: 170 5.714541 23.466790 23.521210
B: 171 5.740116 23.521210 23.575630
B: 172 5.763990 23.575630 23.630040
B: 173 5.784425 23.630040 23.684460
B: 174 5.800231 23.684460 23.738880
B: 175 5.811617 23.738880 23.793300
B: 176 5.844219 23.793300 23.847720
B: 177 5.836489 23.847720 23.902140
B: 178 5.834011 23.902140 23.956560
B: 179 5.836893 23.956560 24.010970
B: 180 5.837256 24.010970 24.065390
B: 181 5.839323 24.065390 24.119810
B: 182 5.833034 24.119810 24.174230
B: 183 5.834698 24.174230 24.228650
B: 184 5.827292 24.228650 24.283070
B: 185 5.801016 24.283070 24.337490
B: 186 5.787365 24.337490 24.391900
B: 187 5.767451 24.391900 24.446320
B: 188 5.744841 24.446320 24.500740
B: 189 5.719154 24.500740 24.555160
B: 190 5.694417 24.555160 24.609580
B: 191 5.655837 24.609580 24.664000
B: 192 5.616704 24.664000 24.718420
B: 193 5.574798 24.718420 24.772830
B: 194 5.523007 24.772830 24.827250
B: 195 5.468295 24.827250 24.881670
B: 196 5.394701 24.881670 24.936090
B: 197 5.313626 24.936090 24.990510
B: 198 5.222600 24.990510 25.044930
B: 199 5.104654 25.044930 25.099350
