B: 000 0.426991 14.214500 14.271150
B: 001 0.442616 14.271150 14.327810
B: 002 0.461299 14.327810 14.384460
B: 003 0.482182 14.384460 14.441110
B: 004 0.508012 14.441110 14.497760
B: 005 0.538020 14.497760 14.554410
B: 006 0.570086 14.554410 14.611070
B: 007 0.600053 14.611070 14.667720
B: 008 0.631046 14.667720 14.724370
B: 009 0.662853 14.724370 14.781020
B: 010 0.694848 14.781020 14.837670
B: 011 0.726412 14.837670 14.894330
B: 012 0.758227 14.894330 14.950980
B: 013 0.789717 14.950980 15.007630
B: 014 0.821003 15.007630 15.064280
B: 015 0.852290 15.064280 15.120930
B: 016 0.884900 15.120930 15.177590
B: 017 0.916716 15.177590 15.234240
B: 018 0.947562 15.234240 15.290890
B: 019 0.979497 15.290890 15.347540
B: 020 1.010713 15.347540 15.404190
B: 021 1.041692 15.404190 15.460850
B: 022 1.073334 15.460850 15.517500
B: 023 1.104282 15.517500 15.574150
B: 024 1.135890 15.574150 15.630800
B: 025 1.167179 15.630800 15.687460
B: 026 1.198614 15.687460 15.744110
B: 027 1.231146 15.744110 15.800760
B: 028 1.263028 15.800760 15.857410
B: 029 1.293343 15.857410 15.914060
B: 030 1.325133 15.914060 15.970720
B: 031 1.356706 15.970720 16.027370
B: 032 1.388414 16.027370 16.084020
B: 033 1.419932 16.084020 16.140670
B: 034 1.451349 16.140670 16.197320
B: 035 1.483150 16.197320 16.253970
B: 036 1.513869 16.253970 16.310630
B: 037 1.544852 16.310630 16.367280
B: 038 1.576634 16.367280 16.423930
B: 039 1.608993 16.423930 16.480580
B: 040 1.641371 16.480580 16.537240
B: 041 1.670923 16.537240 16.593890
B: 042 1.703549 16.593890 16.650540
B: 043 1.734573 16.650540 16.707190
B: 044 1.766845 16.707190 16.763840
B: 045 1.797394 16.763840 16.820500
B: 046 1.829542 16.820500 16.877150
B: 047 1.861376 16.877150 16.933800
B: 048 1.892131 16.933800 16.990450
B: 049 1.923900 16.990450 17.047100
B: 050 1.955681 17.047100 17.103760
B: 051 1.988811 17.103760 17.160410
B: 052 2.018439 17.160410 17.217060
B: 053 2.053113 17.217060 17.273710
B: 054 2.082268 17.273710 17.330360
B: 055 2.112976 17.330360 17.387020
B: 056 2.145180 17.387020 17.443670
B: 057 2.176748 17.443670 17.500320
B: 058 2.208358 17.500320 17.556970
B: 059 2.239400 17.556970 17.613620
B: 060 2.270126 17.613620 17.670280
B: 061 2.302426 17.670280 17.726930
B: 062 2.334165 17.726930 17.783580
B: 063 2.366357 17.783580 17.840230
B: 064 2.397583 17.840230 17.896880
B: 065 2.427852 17.896880 17.953540
B: 066 2.469355 17.953540 18.010190
B: 067 2.490432 18.010190 18.066840
B: 068 2.522834 18.066840 18.123490
B: 069 2.554088 18.123490 18.180150
B: 070 2.585758 18.180150 18.236800
B: 071 2.618931 18.236800 18.293450
B: 072 2.647913 18.293450 18.350100
B: 073 2.682367 18.350100 18.406750
B: 074 2.712503 18.406750 18.463410
B: 075 2.744557 18.463410 18.520060
B: 076 2.775961 18.520060 18.576710
B: 077 2.807193 18.576710 18.633360
B: 078 2.838662 18.633360 18.690010
B: 079 2.868933 18.690010 18.746670
B: 080 2.901750 18.746670 18.803320
B: 081 2.934282 18.803320 18.859970
B: 082 2.964053 18.859970 18.916620
B: 083 2.996332 18.916620 18.973270
B: 084 3.027178 18.973270 19.029930
B: 085 3.059573 19.029930 19.086580
B: 086 3.090208 19.086580 19.143230
B: 087 3.122597 19.143230 19.199880
B: 088 3.157184 19.199880 19.256530
B: 089 3.184792 19.256530 19.313190
B: 090 3.216701 19.313190 19.369840
B: 091 3.247344 19.369840 19.426490
B: 092 3.281049 19.426490 19.483140
B: 093 3.310839 19.483140 19.539790
B: 094 3.342871 19.539790 19.596450
B: 095 3.375130 19.596450 19.653100
B: 096 3.406138 19.653100 19.709750
B: 097 3.437156 19.709750 19.766400
B: 098 3.467401 19.766400 19.823060
B: 099 3.500366 19.823060 19.879710
B: 100 3.531611 19.879710 19.936360
B: 101 3.564167 19.936360 19.993010
B: 102 3.595011 19.993010 20.049660
B: 103 3.627285 20.049660 20.106320
B: 104 3.658822 20.106320 20.162970
B: 105 3.689041 20.162970 20.219620
B: 106 3.721996 20.219620 20.276270
B: 107 3.752324 20.276270 20.332920
B: 108 3.782465 20.332920 20.389580
B: 109 3.815634 20.389580 20.446230
B: 110 3.847883 20.446230 20.502880
B: 111 3.878740 20.502880 20.559530
B: 112 3.910547 20.559530 20.616180
B: 113 3.941851 20.616180 20.672840
B: 114 3.971546 20.672840 20.729490
B: 115 4.005069 20.729490 20.786140
B: 116 4.036315 20.786140 20.842790
B: 117 4.067667 20.842790 20.899440
B: 118 4.099908 20.899440 20.956100
B: 119 4.131153 20.956100 21.012750
B: 120 4.161602 21.012750 21.069400
B: 121 4.192699 21.069400 21.126050
B: 122 4.226417 21.126050 21.182700
B: 123 4.258491 21.182700 21.239360
B: 124 4.288861 21.239360 21.296010
B: 125 4.319479 21.296010 21.352660
B: 126 4.353179 21.352660 21.409310
B: 127 4.383592 21.409310 21.465970
B: 128 4.416128 21.465970 21.522620
B: 129 4.445618 21.522620 21.579270
B: 130 4.479010 21.579270 21.635920
B: 131 4.509624 21.635920 21.692570
B: 132 4.542140 21.692570 21.749230
B: 133 4.574192 21.749230 21.805880
B: 134 4.604834 21.805880 21.862530
B: 135 4.636085 21.862530 21.919180
B: 136 4.667818 21.919180 21.975830
B: 137 4.701455 21.975830 22.032490
B: 138 4.731579 22.032490 22.089140
B: 139 4.762917 22.089140 22.145790
B: 140 4.794599 22.145790 22.202440
B: 141 4.825582 22.202440 22.259090
B: 142 4.858478 22.259090 22.315750
B: 143 4.888801 22.315750 22.372400
B: 144 4.920044 22.372400 22.429050
B: 145 4.952407 22.429050 22.485700
B: 146 4.983627 22.485700 22.542350
B: 147 5.015022 22.542350 22.599010
B: 148 5.046743 22.599010 22.655660
B: 149 5.077912 22.655660 22.712310
B: 150 5.109688 22.712310 22.768960
B: 151 5.141572 22.768960 22.825610
B: 152 5.174142 22.825610 22.882270
B: 153 5.204520 22.882270 22.938920
B: 154 5.236178 22.938920 22.995570
B: 155 5.267715 22.995570 23.052220
B: 156 5.299609 23.052220 23.108880
B: 157 5.330810 23.108880 23.165530
B: 158 5.361794 23.165530 23.222180
B: 159 5.393133 23.222180 23.278830
B: 160 5.425130 23.278830 23.335480
B: 161 5.456258 23.335480 23.392140
B: 162 5.487745 23.392140 23.448790
B: 163 5.520035 23.448790 23.505440
B: 164 5.551116 23.505440 23.562090
B: 165 5.582081 23.562090 23.618740
B: 166 5.614899 23.618740 23.675400
B: 167 5.646206 23.675400 23.732050
B: 168 5.677594 23.732050 23.788700
B: 169 5.709898 23.788700 23.845350
B: 170 5.740304 23.845350 23.902000
B: 171 5.772159 23.902000 23.958660
B: 172 5.803094 23.958660 24.015310
B: 173 5.835104 24.015310 24.071960
B: 174 5.866100 24.071960 24.128610
B: 175 5.896937 24.128610 24.185260
B: 176 5.923441 24.185260 24.241920
B: 177 5.944636 24.241920 24.298570
B: 178 5.960495 24.298570 24.355220
B: 179 5.974848 24.355220 24.411870
B: 180 5.985211 24.411870 24.468520
B: 181 5.991428 24.468520 24.525180
B: 182 5.994358 24.525180 24.581830
B: 183 5.994820 24.581830 24.638480
B: 184 5.993064 24.638480 24.695130
B: 185 5.990358 24.695130 24.751790
B: 186 5.981845 24.751790 24.808440
B: 187 5.970737 24.808440 24.865090
B: 188 5.956186 24.865090 24.921740
B: 189 5.939466 24.921740 24.978390
B: 190 5.913740 24.978390 25.035050
B: 191 5.885914 25.035050 25.091700
B: 192 5.853311 25.091700 25.148350
B: 193 5.822484 25.148350 25.205000
B: 194 5.777516 25.205000 25.261650
B: 195 5.720544 25.261650 25.318310
B: 196 5.658945 25.318310 25.374960
B: 197 5.588279 25.374960 25.431610
B: 198 5.504290 25.431610 25.488260
B: 199 5.390328 25.488260 25.544910
