B: 000 0.404554 14.214010 14.270670
B: 001 0.406677 14.270670 14.327320
B: 002 0.411909 14.327320 14.383980
B: 003 0.416075 14.383980 14.440630
B: 004 0.422376 14.440630 14.497290
B: 005 0.427614 14.497290 14.553940
B: 006 0.434196 14.553940 14.610600
B: 007 0.441409 14.610600 14.667250
B: 008 0.449135 14.667250 14.723910
B: 009 0.459071 14.723910 14.780560
B: 010 0.468322 14.780560 14.837220
B: 011 0.480115 14.837220 14.893870
B: 012 0.491362 14.893870 14.950530
B: 013 0.502923 14.950530 15.007180
B: 014 0.515769 15.007180 15.063840
B: 015 0.528313 15.063840 15.120490
B: 016 0.544549 15.120490 15.177150
B: 017 0.559987 15.177150 15.233800
B: 018 0.575142 15.233800 15.290460
B: 019 0.593074 15.290460 15.347110
B: 020 0.609847 15.347110 15.403770
B: 021 0.629003 15.403770 15.460420
B: 022 0.648857 15.460420 15.517080
B: 023 0.669735 15.517080 15.573730
B: 024 0.690322 15.573730 15.630390
B: 025 0.714095 15.630390 15.687040
B: 026 0.736799 15.687040 15.743700
B: 027 0.763537 15.743700 15.800350
B: 028 0.786968 15.800350 15.857010
B: 029 0.813069 15.857010 15.913660
B: 030 0.839292 15.913660 15.970320
B: 031 0.867950 15.970320 16.026970
B: 032 0.896055 16.026970 16.083630
B: 033 0.926626 16.083630 16.140280
B: 034 0.958902 16.140280 16.196940
B: 035 0.989590 16.196940 16.253600
B: 036 1.024310 16.253600 16.310250
B: 037 1.058460 16.310250 16.366910
B: 038 1.094315 16.366910 16.423560
B: 039 1.130209 16.423560 16.480220
B: 040 1.169197 16.480220 16.536870
B: 041 1.207109 16.536870 16.593530
B: 042 1.249310 16.593530 16.650190
B: 043 1.292446 16.650190 16.706840
B: 044 1.334386 16.706840 16.763500
B: 045 1.381777 16.763500 16.820150
B: 046 1.426984 16.820150 16.876810
B: 047 1.475141 16.876810 16.933470
B: 048 1.526723 16.933470 16.990120
B: 049 1.577604 16.990120 17.046780
B: 050 1.632325 17.046780 17.103430
B: 051 1.688024 17.103430 17.160090
B: 052 1.745261 17.160090 17.216750
B: 053 1.805139 17.216750 17.273400
B: 054 1.868832 17.273400 17.330060
B: 055 1.936362 17.330060 17.386710
B: 056 2.000732 17.386710 17.443370
B: 057 2.073087 17.443370 17.500020
B: 058 2.149832 17.500020 17.556680
B: 059 2.223903 17.556680 17.613340
B: 060 2.302085 17.613340 17.669990
B: 061 2.379763 17.669990 17.726650
B: 062 2.455221 17.726650 17.783300
B: 063 2.528948 17.783300 17.839960
B: 064 2.602387 17.839960 17.896620
B: 065 2.674867 17.896620 17.953270
B: 066 2.741872 17.953270 18.009930
B: 067 2.811852 18.009930 18.066580
B: 068 2.877017 18.066580 18.123240
B: 069 2.941983 18.123240 18.179900
B: 070 3.006507 18.179900 18.236550
B: 071 3.070147 18.236550 18.293210
B: 072 3.132649 18.293210 18.349860
B: 073 3.191375 18.349860 18.406520
B: 074 3.252295 18.406520 18.463170
B: 075 3.312129 18.463170 18.519830
B: 076 3.367876 18.519830 18.576490
B: 077 3.424330 18.576490 18.633140
B: 078 3.480223 18.633140 18.689800
B: 079 3.537647 18.689800 18.746450
B: 080 3.590793 18.746450 18.803110
B: 081 3.642386 18.803110 18.859770
B: 082 3.695601 18.859770 18.916420
B: 083 3.745611 18.916420 18.973080
B: 084 3.795455 18.973080 19.029730
B: 085 3.845617 19.029730 19.086390
B: 086 3.895597 19.086390 19.143050
B: 087 3.944471 19.143050 19.199700
B: 088 3.992100 19.199700 19.256360
B: 089 4.037059 19.256360 19.313010
B: 090 4.081406 19.313010 19.369670
B: 091 4.126121 19.369670 19.426320
B: 092 4.169770 19.426320 19.482980
B: 093 4.213745 19.482980 19.539640
B: 094 4.254776 19.539640 19.596290
B: 095 4.296632 19.596290 19.652950
B: 096 4.337931 19.652950 19.709600
B: 097 4.376916 19.709600 19.766260
B: 098 4.418606 19.766260 19.822920
B: 099 4.456475 19.822920 19.879570
B: 100 4.495152 19.879570 19.936230
B: 101 4.541444 19.936230 19.992880
B: 102 4.569326 19.992880 20.049540
B: 103 4.618650 20.049540 20.106200
B: 104 4.641848 20.106200 20.162850
B: 105 4.678529 20.162850 20.219510
B: 106 4.712005 20.219510 20.276160
B: 107 4.746992 20.276160 20.332820
B: 108 4.780972 20.332820 20.389470
B: 109 4.812763 20.389470 20.446130
B: 110 4.846522 20.446130 20.502790
B: 111 4.877737 20.502790 20.559440
B: 112 4.908945 20.559440 20.616100
B: 113 4.939147 20.616100 20.672750
B: 114 4.970591 20.672750 20.729410
B: 115 4.999929 20.729410 20.786070
B: 116 5.030000 20.786070 20.842720
B: 117 5.058654 20.842720 20.899380
B: 118 5.088060 20.899380 20.956030
B: 119 5.115985 20.956030 21.012690
B: 120 5.142330 21.012690 21.069350
B: 121 5.169520 21.069350 21.126000
B: 122 5.195881 21.126000 21.182660
B: 123 5.221212 21.182660 21.239310
B: 124 5.248445 21.239310 21.295970
B: 125 5.272771 21.295970 21.352620
B: 126 5.297266 21.352620 21.409280
B: 127 5.321826 21.409280 21.465940
B: 128 5.346325 21.465940 21.522590
B: 129 5.367712 21.522590 21.579250
B: 130 5.390779 21.579250 21.635900
B: 131 5.413954 21.635900 21.692560
B: 132 5.436024 21.692560 21.749220
B: 133 5.456418 21.749220 21.805870
B: 134 5.478528 21.805870 21.862530
B: 135 5.499415 21.862530 21.919180
B: 136 5.519074 21.919180 21.975840
B: 137 5.539001 21.975840 22.032500
B: 138 5.558932 22.032500 22.089150
B: 139 5.577980 22.089150 22.145810
B: 140 5.595635 22.145810 22.202460
B: 141 5.613888 22.202460 22.259120
B: 142 5.631594 22.259120 22.315770
B: 143 5.649452 22.315770 22.372430
B: 144 5.667047 22.372430 22.429090
B: 145 5.683043 22.429090 22.485740
B: 146 5.698520 22.485740 22.542400
B: 147 5.714764 22.542400 22.599050
B: 148 5.730759 22.599050 22.655710
B: 149 5.745790 22.655710 22.712370
B: 150 5.760908 22.712370 22.769020
B: 151 5.774157 22.769020 22.825680
B: 152 5.788375 22.825680 22.882330
B: 153 5.801797 22.882330 22.938990
B: 154 5.816095 22.938990 22.995650
B: 155 5.826868 22.995650 23.052300
B: 156 5.840066 23.052300 23.108960
B: 157 5.852049 23.108960 23.165610
B: 158 5.863324 23.165610 23.222270
B: 159 5.874971 23.222270 23.278920
B: 160 5.886120 23.278920 23.335580
B: 161 5.896305 23.335580 23.392240
B: 162 5.905683 23.392240 23.448890
B: 163 5.916718 23.448890 23.505550
B: 164 5.924793 23.505550 23.562200
B: 165 5.933653 23.562200 23.618860
B: 166 5.942903 23.618860 23.675520
B: 167 5.950739 23.675520 23.732170
B: 168 5.958852 23.732170 23.788830
B: 169 5.966208 23.788830 23.845480
B: 170 5.974957 23.845480 23.902140
B: 171 5.979822 23.902140 23.958800
B: 172 5.987237 23.958800 24.015450
B: 173 5.992960 24.015450 24.072110
B: 174 6.000107 24.072110 24.128760
B: 175 6.003759 24.128760 24.185420
B: 176 6.008794 24.185420 24.242070
B: 177 6.026162 24.242070 24.298730
B: 178 6.018673 24.298730 24.355390
B: 179 6.021582 24.355390 24.412040
B: 180 6.022587 24.412040 24.468700
B: 181 6.023501 24.468700 24.525350
B: 182 6.026183 24.525350 24.582010
B: 183 6.012728 24.582010 24.638670
B: 184 6.003561 24.638670 24.695320
B: 185 5.991875 24.695320 24.751980
B: 186 5.976620 24.751980 24.808630
B: 187 5.958952 24.808630 24.865290
B: 188 5.936023 24.865290 24.921950
B: 189 5.911439 24.921950 24.978600
B: 190 5.880443 24.978600 25.035260
B: 191 5.863549 25.035260 25.091910
B: 192 5.807626 25.091910 25.148570
B: 193 5.762229 25.148570 25.205220
B: 194 5.711891 25.205220 25.261880
B: 195 5.654628 25.261880 25.318540
B: 196 5.589167 25.318540 25.375190
B: 197 5.503242 25.375190 25.431850
B: 198 5.400796 25.431850 25.488500
B: 199 5.264118 25.488500 25.545160
