B: 0000 0.413433 14.213140 14.269760
B: 0001 0.423128 14.269760 14.326390
B: 0002 0.435824 14.326390 14.383020
B: 0003 0.450453 14.383020 14.439650
B: 0004 0.466627 14.439650 14.496280
B: 0005 0.484736 14.496280 14.552910
B: 0006 0.507155 14.552910 14.609540
B: 0007 0.533415 14.609540 14.666170
B: 0008 0.561347 14.666170 14.722800
B: 0009 0.594069 14.722800 14.779430
B: 010 0.629065 14.779430 14.836060
B: 011 0.669571 14.836060 14.892690
B: 012 0.713397 14.892690 14.949320
B: 013 0.761815 14.949320 15.005940
B: 014 0.816123 15.005940 15.062570
B: 015 0.877294 15.062570 15.119200
B: 016 0.947586 15.119200 15.175830
B: 017 1.025028 15.175830 15.232460
B: 018 1.118343 15.232460 15.289090
B: 019 1.232426 15.289090 15.345720
B: 020 1.379355 15.345720 15.402350
B: 021 1.572379 15.402350 15.458980
B: 022 1.741984 15.458980 15.515610
B: 023 1.898910 15.515610 15.572240
B: 024 2.036870 15.572240 15.628870
B: 025 2.177503 15.628870 15.685490
B: 026 2.288848 15.685490 15.742120
B: 027 2.399712 15.742120 15.798750
B: 028 2.506915 15.798750 15.855380
B: 029 2.609143 15.855380 15.912010
B: 030 2.707402 15.912010 15.968640
B: 031 2.797883 15.968640 16.025270
B: 032 2.886806 16.025270 16.081900
B: 033 2.968220 16.081900 16.138530
B: 034 3.050948 16.138530 16.195160
B: 035 3.126216 16.195160 16.251790
B: 036 3.199410 16.251790 16.308420
B: 037 3.270026 16.308420 16.365050
B: 038 3.340779 16.365050 16.421670
B: 039 3.405867 16.421670 16.478300
B: 040 3.469141 16.478300 16.534930
B: 041 3.533156 16.534930 16.591560
B: 042 3.593056 16.591560 16.648190
B: 043 3.649472 16.648190 16.704820
B: 044 3.705551 16.704820 16.761450
B: 045 3.763711 16.761450 16.818080
B: 046 3.814082 16.818080 16.874710
B: 047 3.866435 16.874710 16.931340
B: 048 3.915728 16.931340 16.987970
B: 049 3.964438 16.987970 17.044600
B: 050 4.012709 17.044600 17.101220
B: 051 4.057172 17.101220 17.157850
B: 052 4.102393 17.157850 17.214480
B: 053 4.145550 17.214480 17.271110
B: 054 4.186419 17.271110 17.327740
B: 055 4.227826 17.327740 17.384370
B: 056 4.268028 17.384370 17.441000
B: 057 4.307368 17.441000 17.497630
B: 058 4.344819 17.497630 17.554260
B: 059 4.380824 17.554260 17.610890
B: 060 4.415927 17.610890 17.667520
B: 061 4.450085 17.667520 17.724150
B: 062 4.483850 17.724150 17.780780
B: 063 4.516947 17.780780 17.837400
B: 064 4.546691 17.837400 17.894030
B: 065 4.578427 17.894030 17.950660
B: 066 4.608753 17.950660 18.007290
B: 067 4.636851 18.007290 18.063920
B: 068 4.664062 18.063920 18.120550
B: 069 4.691094 18.120550 18.177180
B: 070 4.717738 18.177180 18.233810
B: 071 4.742738 18.233810 18.290440
B: 072 4.768803 18.290440 18.347070
B: 073 4.792285 18.347070 18.403700
B: 074 4.814147 18.403700 18.460330
B: 075 4.837730 18.460330 18.516950
B: 076 4.858448 18.516950 18.573580
B: 077 4.879465 18.573580 18.630210
B: 078 4.899322 18.630210 18.686840
B: 079 4.918113 18.686840 18.743470
B: 080 4.936964 18.743470 18.800100
B: 081 4.954078 18.800100 18.856730
B: 082 4.972309 18.856730 18.913360
B: 083 4.989463 18.913360 18.969990
B: 084 5.003630 18.969990 19.026620
B: 085 5.018463 19.026620 19.083250
B: 086 5.033221 19.083250 19.139880
B: 087 5.046820 19.139880 19.196500
B: 088 5.059590 19.196500 19.253130
B: 089 5.072222 19.253130 19.309760
B: 090 5.084145 19.309760 19.366390
B: 091 5.094560 19.366390 19.423020
B: 092 5.105214 19.423020 19.479650
B: 093 5.115852 19.479650 19.536280
B: 094 5.124382 19.536280 19.592910
B: 095 5.131456 19.592910 19.649540
B: 096 5.140855 19.649540 19.706170
B: 097 5.147019 19.706170 19.762800
B: 098 5.153630 19.762800 19.819430
B: 099 5.160281 19.819430 19.876050
B: 100 5.164521 19.876050 19.932680
B: 101 5.169675 19.932680 19.989310
B: 102 5.175492 19.989310 20.045940
B: 103 5.176803 20.045940 20.102570
B: 104 5.180138 20.102570 20.159200
B: 105 5.181561 20.159200 20.215830
B: 106 5.183777 20.215830 20.272460
B: 107 5.184412 20.272460 20.329090
B: 108 5.184608 20.329090 20.385720
B: 109 5.186032 20.385720 20.442350
B: 110 5.184809 20.442350 20.498980
B: 111 5.182475 20.498980 20.555600
B: 112 5.181216 20.555600 20.612230
B: 113 5.178640 20.612230 20.668860
B: 114 5.176168 20.668860 20.725490
B: 115 5.172510 20.725490 20.782120
B: 116 5.168240 20.782120 20.838750
B: 117 5.163102 20.838750 20.895380
B: 118 5.158238 20.895380 20.952010
B: 119 5.151572 20.952010 21.008640
B: 120 5.145413 21.008640 21.065270
B: 121 5.138745 21.065270 21.121900
B: 122 5.129170 21.121900 21.178530
B: 123 5.122208 21.178530 21.235160
B: 124 5.112390 21.235160 21.291780
B: 125 5.102239 21.291780 21.348410
B: 126 5.091721 21.348410 21.405040
B: 127 5.079977 21.405040 21.461670
B: 128 5.068470 21.461670 21.518300
B: 129 5.055534 21.518300 21.574930
B: 130 5.043579 21.574930 21.631560
B: 131 5.028805 21.631560 21.688190
B: 132 5.015047 21.688190 21.744820
B: 133 4.999771 21.744820 21.801450
B: 134 4.983631 21.801450 21.858080
B: 135 4.966664 21.858080 21.914710
B: 136 4.949093 21.914710 21.971330
B: 137 4.931504 21.971330 22.027960
B: 138 4.912509 22.027960 22.084590
B: 139 4.893203 22.084590 22.141220
B: 140 4.873247 22.141220 22.197850
B: 141 4.851892 22.197850 22.254480
B: 142 4.829818 22.254480 22.311110
B: 143 4.807566 22.311110 22.367740
B: 144 4.784173 22.367740 22.424370
B: 145 4.762346 22.424370 22.481000
B: 146 4.736488 22.481000 22.537630
B: 147 4.710026 22.537630 22.594260
B: 148 4.683723 22.594260 22.650880
B: 149 4.655469 22.650880 22.707510
B: 150 4.627897 22.707510 22.764140
B: 151 4.599616 22.764140 22.820770
B: 152 4.569357 22.820770 22.877400
B: 153 4.538517 22.877400 22.934030
B: 154 4.507222 22.934030 22.990660
B: 155 4.473706 22.990660 23.047290
B: 156 4.440044 23.047290 23.103920
B: 157 4.403999 23.103920 23.160550
B: 158 4.370005 23.160550 23.217180
B: 159 4.333199 23.217180 23.273810
B: 160 4.294513 23.273810 23.330430
B: 161 4.255184 23.330430 23.387060
B: 162 4.215525 23.387060 23.443690
B: 163 4.174510 23.443690 23.500320
B: 164 4.132639 23.500320 23.556950
B: 165 4.088055 23.556950 23.613580
B: 166 4.044518 23.613580 23.670210
B: 167 3.998138 23.670210 23.726840
B: 168 3.949913 23.726840 23.783470
B: 169 3.902296 23.783470 23.840100
B: 170 3.850814 23.840100 23.896730
B: 171 3.800117 23.896730 23.953360
B: 172 3.745371 23.953360 24.009980
B: 173 3.690488 24.009980 24.066610
B: 174 3.632258 24.066610 24.123240
B: 175 3.575400 24.123240 24.179870
B: 176 3.515002 24.179870 24.236500
B: 177 3.451116 24.236500 24.293130
B: 178 3.388221 24.293130 24.349760
B: 179 3.318537 24.349760 24.406390
B: 180 3.251015 24.406390 24.463020
B: 181 3.178543 24.463020 24.519650
B: 182 3.104992 24.519650 24.576280
B: 183 3.026380 24.576280 24.632910
B: 184 2.947610 24.632910 24.689540
B: 185 2.862283 24.689540 24.746160
B: 186 2.773322 24.746160 24.802790
B: 187 2.682467 24.802790 24.859420
B: 188 2.584905 24.859420 24.916050
B: 189 2.483889 24.916050 24.972680
B: 190 2.377226 24.972680 25.029310
B: 191 2.262836 25.029310 25.085940
B: 192 2.142050 25.085940 25.142570
B: 193 2.013650 25.142570 25.199200
B: 194 1.870294 25.199200 25.255830
B: 195 1.715001 25.255830 25.312460
B: 196 1.543816 25.312460 25.369090
B: 197 1.347680 25.369090 25.425710
B: 198 1.118079 25.425710 25.482340
B: 199 0.810890 25.482340 25.538970
