01 001  0.093251, 14.217230, 0.269653 -0.574292, 0.226873,-0.729816
01 002  0.359066, 14.214690, 0.339031  0.597779, 0.687030, 0.344957
01 003  0.336567, 14.369450, 0.482295  0.476122, 0.467070, 0.418235
01 004  0.096227, 14.373200, 0.581112 -0.408612, 0.370102,-0.814579
01 005 -0.234048, 14.300870, 0.497685 -0.488004,-0.745837, 0.314235
01 006 -0.498690, 14.267310, 0.184273  0.345146, 0.251207,-0.125098
01 007 -0.498044, 14.219390,-0.046164  0.346750,-0.362116, 0.028802
01 008 -0.326322, 14.299670,-0.441046 -0.380135,-0.501686, 0.351426
01 009  0.151125, 14.216710,-0.234854  0.824558, 0.318403,-0.370318
01 010  0.499812, 14.218980,-0.010977  0.196462, 0.689074,-0.697264
01 011  0.331729, 14.214830, 0.112670 -0.322847,-0.159097, 0.931970
01 012  0.525517, 14.323530, 0.191979 -0.079386, 0.268797, 0.933471
01 013  0.552907, 14.491250, 0.354330 -0.107181, 0.690690,-0.662262
01 014 -0.032478, 14.218040, 0.502297 -0.118963,-0.326742,-0.145907
01 015 -0.175044, 14.619460, 0.706211  0.771040, 0.065291,-0.556012
01 016 -0.424042, 14.382630, 0.417348  0.022095, 0.391318,-0.827175
01 017 -0.291662, 14.215040, 0.132994  0.179050, 0.578021,-0.535620
01 018 -0.197986, 14.215270,-0.290227  0.272693, 0.476539,-0.832453
01 019  0.168326, 14.216570,-0.456722 -0.388065,-0.196771, 0.533161
01 020  0.365678, 14.216570,-0.341372 -0.848017, 0.200464,-0.199179
01 021 -0.275135, 14.215710,-0.078123 -0.934679, 0.001006,-0.025629
01 022  0.345210, 14.213880,-0.112593  0.417608, 0.661623, 0.176666
01 023  0.199468, 14.222410, 0.465494 -0.700587,-0.299174,-0.574115
01 024 -0.106738, 14.430200, 0.612135 -0.277204,-0.351101,-0.635304
01 025 -0.131279, 14.215780, 0.313992 -0.757820,-0.405557, 0.111181
01 026 -0.358908, 14.216940, 0.347076 -0.515195, 0.264898, 0.755628
01 027 -0.426309, 14.214360,-0.255261 -0.565496, 0.029508, 0.807978
01 028 -0.190843, 14.406490,-0.579094  0.120168, 0.062302,-0.280775
01 029 -0.154113, 14.214790,-0.477502  0.272273, 0.540744,-0.625695
01 030  0.251696, 14.395880,-0.547697  0.766208, 0.344432, 0.378259
01 031  0.147604, 14.391430, 0.356115  0.538045, 0.018841, 0.553905
01 032  0.361302, 14.417410, 0.272284  0.010055,-0.523509,-0.851595
01 033  0.442241, 14.559070, 0.531760  0.906096, 0.185706, 0.164174
01 034  0.511563, 14.898660, 0.717835 -0.536281,-0.327632,-0.748348
01 035 -0.322635, 14.508870, 0.578547 -0.104502,-0.080831,-0.330494
01 036 -1.590921, 16.175340, 0.071808  0.638372, 0.715247,-0.024991
01 037 -0.789372, 14.759820,-0.154916 -0.694994, 0.395099, 0.537683
01 038 -0.496534, 14.414400,-0.356775  0.166613, 0.258340,-0.555582
01 039 -0.047099, 14.215200,-0.138088  0.093059, 0.603042, 0.697148
01 040  1.809827, 16.576780,-0.074042  0.663595,-0.698359, 0.267780
01 041 -0.195822, 14.377610, 0.050993  0.470995, 0.567707, 0.591470
01 042  0.669784, 14.675900, 0.352980 -0.336642,-0.414297, 0.835803
01 043  0.854125, 15.926490, 1.176323  0.441526, 0.242415, 0.331791
01 044 -0.107699, 14.914290, 0.885389  0.736594, 0.213077,-0.150525
01 045 -0.105512, 15.673690, 1.309641 -0.665689, 0.375704, 0.601218
01 046 -0.506108, 14.574740, 0.486190  0.486862,-0.625074, 0.606314
01 047 -0.611548, 14.422000, 0.081233  0.479140, 0.119021,-0.309140
01 048 -0.157420, 14.405440,-0.169181 -0.611926,-0.261884,-0.691045
01 049 -0.035147, 14.518000,-0.669922 -0.208887, 0.207010,-0.509940
01 050  0.618295, 14.500360,-0.217406  0.439020,-0.517623,-0.489100
01 051 -0.050015, 14.214710, 0.093385  0.826094, 0.172486,-0.450460
01 052  0.383079, 14.401070, 0.050895 -0.771067, 0.361615, 0.164674
01 053  0.181051, 14.370630, 0.137420 -0.520493, 0.794127, 0.184018
01 054  0.252103, 14.535230, 0.633545 -0.173706,-0.284372,-0.854117
01 055 -0.354054, 14.999530, 0.868680  0.000727,-0.593327, 0.614675
01 056 -0.410058, 14.688940, 0.643050  0.724083, 0.102589,-0.326700
01 057 -0.590692, 14.409450,-0.148659  0.830768, 0.190202,-0.269603
01 058 -0.257847, 14.489630,-0.347504  0.197661, 0.462863,-0.853261
01 059  0.034084, 14.331140,-0.563821 -0.498887,-0.095446, 0.010255
01 060  0.724533, 15.502420,-0.972229 -0.263933, 0.523138, 0.044578
01 061  0.141379, 14.216070,-0.006458 -0.235223, 0.625996,-0.737925
01 062  0.713628, 14.595920,-0.041409 -0.458255,-0.057526,-0.691700
01 063  0.561579, 14.737870, 0.556348  0.204383,-0.794394, 0.047600
01 064  0.074283, 14.565750, 0.478845  0.299309,-0.759698, 0.440754
01 065 -0.257303, 14.389650, 0.262510  0.200413, 0.070628,-0.754585
01 066 -0.320710, 14.564620, 0.353385  0.592961,-0.436530,-0.403573
01 067 -1.071681, 15.244010,-0.096024  0.440607, 0.149562, 0.557563
01 068 -0.554536, 14.606470,-0.457184 -0.026546,-0.801765, 0.595991
01 069  0.009724, 14.277820,-0.347822  0.229875, 0.078463,-0.942170
01 070  0.253533, 14.397090,-0.322381  0.130138, 0.210762, 0.479271
01 071  0.208192, 14.393540,-0.096232 -0.893647,-0.023800,-0.437027
01 072  0.048048, 14.461440,-0.238273 -0.772915,-0.281712, 0.368325
01 073  0.458963, 14.683240, 0.380707 -0.758264,-0.177985,-0.618350
01 074  0.103874, 15.715870, 1.334233 -0.464097,-0.626773, 0.370255
01 075  0.045279, 14.568060, 0.694624  0.090618, 0.116658,-0.276050
01 076 -0.880011, 15.323130, 0.685384 -0.042565,-0.258718,-0.489688
01 077 -1.547987, 16.601390,-0.978138 -0.445031,-0.288343, 0.587332
01 078 -0.726934, 14.779250,-0.368386  0.537426, 0.494665,-0.213422
01 079  0.190867, 14.571860,-0.672808 -0.920444,-0.060083,-0.077020
01 080  0.505320, 14.303180,-0.215363  0.904988,-0.403765,-0.088516
01 081 -0.027788, 14.387580, 0.207817 -0.684430, 0.136512, 0.349687
01 082  1.239340, 15.654930, 0.405418 -0.413006, 0.614269, 0.098959
01 083  0.915758, 15.738820, 0.993655 -0.363696, 0.003947, 0.512686
01 084  0.213748, 14.805150, 0.801783  0.479590,-0.733861,-0.364374
01 085 -0.181515, 15.104260, 0.979853  0.468811,-0.787107,-0.125764
01 086 -1.313853, 16.113230, 0.839962  0.310551, 0.042430, 0.908948
01 087 -0.701810, 14.581070,-0.059521  0.051730,-0.247857,-0.435136
01 088 -0.449859, 14.692230,-0.620112  0.685643, 0.711842,-0.024126
01 089  0.385232, 16.407990,-1.680050 -0.187258,-0.943884, 0.059096
01 090  0.456895, 14.411580,-0.402081  0.570912,-0.757464, 0.255889
01 091 -0.315195, 14.549570, 0.129725 -0.768958,-0.420822,-0.479830
01 092  0.602080, 14.400190,-0.023702 -0.184312,-0.675704,-0.457495
01 093  0.701170, 14.876970, 0.509718 -0.097275, 0.487825, 0.256432
01 094  0.263073, 14.571660, 0.417640 -0.626237,-0.452139, 0.630705
01 095 -0.269888, 14.808020, 0.785215  0.761192,-0.155969,-0.281058
01 096 -0.388549, 14.390520, 0.043954 -0.614043,-0.100640, 0.653464
01 097 -0.370414, 14.400950,-0.158397  0.248219, 0.957765,-0.007916
01 098 -0.814307, 15.893980,-1.184525 -0.189443,-0.162546,-0.942365
01 099 -0.040898, 14.474220,-0.426667 -0.025488, 0.177781, 0.975349
01 100  0.171201, 14.565240,-0.443156 -0.177956, 0.504410, 0.675042
01 101  0.101909, 14.549250, 0.120980  0.494622,-0.093512,-0.810442
01 102  0.829407, 14.810210,-0.093598  0.781982,-0.415498,-0.230401
01 103  0.980265, 16.535270, 1.502994 -0.881060, 0.054675, 0.397880
01 104  0.220612, 16.256340, 1.622588  0.328170, 0.449668, 0.715103
01 105 -0.144651, 14.607530, 0.483946 -0.747070,-0.461974,-0.361709
01 106 -0.469234, 14.877160, 0.730501  0.018150, 0.244570,-0.601584
01 107 -0.976537, 15.261360,-0.471988 -0.592177,-0.554138,-0.022272
01 108 -0.652752, 14.584140,-0.262386  0.337797, 0.798462, 0.040982
01 109 -0.392880, 16.337330,-1.636529 -0.447755, 0.607464,-0.409403
01 110  1.188484, 15.678260,-0.564518  0.373846,-0.287142,-0.359878
01 111 -0.446152, 14.592740,-0.246834  0.465516,-0.858004,-0.216171
01 112  0.648205, 14.511410, 0.152675 -0.737618,-0.659185,-0.124324
01 113  0.126701, 14.695280, 0.288698  0.940657, 0.058384,-0.187020
01 114 -0.096635, 14.799480, 0.619568  0.293233, 0.523966,-0.784784
01 115 -0.699518, 15.921850, 1.273682 -0.072790,-0.696458, 0.290168
01 116 -0.663178, 14.675180, 0.359254  0.042891,-0.666860,-0.466143
01 117 -0.832603, 14.807030, 0.013781 -0.085854,-0.842976, 0.020995
01 118 -0.347784, 15.772940,-1.323952  0.188599,-0.615774, 0.554470
01 119  0.848922, 16.589760,-1.613854  0.597163, 0.745541,-0.196110
01 120  1.701392, 16.495250,-0.487004 -0.097239,-0.432010,-0.181704
01 121  0.025872, 14.395290,-0.017273  0.788618, 0.562635,-0.107454
01 122  1.739073, 16.481480,-0.261771 -0.639893,-0.762075, 0.097346
01 123  0.974890, 15.198250, 0.378666 -0.339150,-0.282745,-0.688424
01 124 -0.800323, 16.555990, 1.614509 -0.287710,-0.283335, 0.907930
01 125 -0.744367, 16.266240, 1.462218  0.806953,-0.019718, 0.523632
01 126 -0.570439, 14.471570, 0.300087 -0.753872,-0.421516,-0.342520
01 127 -1.593435, 16.458890,-0.722352  0.266519,-0.320666,-0.478315
01 128 -0.109813, 14.607260,-0.227785 -0.666373,-0.452986, 0.311200
01 129  0.104668, 15.307560,-1.105853  0.177755, 0.288153,-0.501500
01 130  0.385141, 14.598720,-0.360614  0.848643,-0.180749, 0.191673
01 131 -0.072443, 14.416710, 0.395190 -0.519310,-0.511711,-0.560115
01 132  0.317071, 14.633660, 0.194817 -0.515787, 0.242191,-0.784243
01 133  1.691424, 16.568220, 0.653560 -0.746519, 0.155310,-0.039723
01 134  0.149394, 14.737540, 0.605006 -0.142771,-0.599255, 0.777757
01 135 -0.385923, 15.183380, 0.969055  0.778931, 0.170384,-0.562915
01 136 -0.589624, 14.767110, 0.551995 -0.490866,-0.350653, 0.783115
01 137 -0.482800, 14.559060,-0.032821  0.886653, 0.283135,-0.287776
01 138 -0.389455, 14.505590,-0.538945 -0.198653,-0.888495,-0.123828
01 139  0.296124, 16.584610,-1.797256 -0.673714, 0.035261,-0.329735
01 140  0.700547, 14.805460,-0.439761  0.145176,-0.336475, 0.134512
01 141  0.197919, 14.814230, 0.126965 -0.384331, 0.056074, 0.874377
01 142  0.840963, 14.915370,-0.292864 -0.994453,-0.097884, 0.031160
01 143  0.449795, 14.908290, 0.507677 -0.007969, 0.523508, 0.665131
01 144  0.812517, 16.138770, 1.345701 -0.017578, 0.091217, 0.906446
01 145 -0.012565, 14.760640, 0.418495 -0.707368,-0.544625,-0.186834
01 146 -1.653356, 16.336740, 0.319463  0.334272,-0.569709, 0.736985
01 147 -1.787907, 16.528120,-0.100695  0.462438,-0.436849, 0.152059
01 148 -0.502861, 15.982100,-1.397136  0.741520, 0.235572,-0.129083
01 149  0.397625, 14.546820,-0.557473  0.624217,-0.031600, 0.519275
01 150  0.405990, 14.488120,-0.159647 -0.038123,-0.411623, 0.392025
01 151  0.282872, 14.603810,-0.015197 -0.612462, 0.432871,-0.648610
01 152  0.723636, 14.692000,-0.247401  0.792853,-0.198925, 0.208230
01 153  0.271117, 14.809610, 0.430044  0.326705, 0.417352,-0.721057
01 154 -0.374991, 16.383550, 1.664525  0.744901,-0.281881,-0.430305
01 155 -0.055152, 16.384040, 1.708481  0.083733,-0.332051, 0.277746
01 156 -1.570804, 16.355930, 0.638744  0.074329, 0.734659, 0.006354
01 157 -0.930561, 15.372010,-0.665610 -0.553323,-0.348851,-0.229596
01 158 -0.706198, 15.004500,-0.619723  0.108057, 0.448162, 0.784914
01 159 -0.178936, 14.786410,-0.800310  0.875700, 0.137780, 0.437954
01 160  0.508451, 14.658570,-0.204176  0.822664,-0.088308, 0.356799
01 161 -0.191808, 14.989260, 0.696347  0.815098,-0.562032,-0.087639
01 162  0.229403, 14.598480,-0.212620 -0.185939,-0.585488,-0.628961
01 163  1.119184, 15.839220, 0.841755  0.076921, 0.209244,-0.096310
01 164 -0.000202, 14.744700, 0.795058  0.551716, 0.158562,-0.817611
01 165 -0.096063, 14.594540, 0.268215  0.859558, 0.274735,-0.094847
01 166 -0.786723, 14.798970, 0.239976  0.011018, 0.735082,-0.544685
01 167 -1.709504, 16.429210,-0.290374  0.505167, 0.433575, 0.624108
01 168 -0.490925, 14.662050, 0.216466 -0.554314,-0.715061,-0.398324
01 169  0.990972, 16.286050,-1.323585 -0.038836, 0.010800,-0.274058
01 170  0.438204, 14.858090,-0.742018  0.167751,-0.837606, 0.143006
01 171 -0.106794, 14.586650, 0.017771  0.724220,-0.022665, 0.665471
01 172  1.488625, 16.045700, 0.321039  0.644517,-0.320088,-0.165048
01 173  1.497588, 16.345830, 0.782968 -0.144926,-0.538089,-0.386666
01 174  0.012723, 15.163060, 1.028987  0.399495, 0.785829,-0.147148
01 175 -0.295749, 14.861190, 0.569853  0.465825,-0.080004, 0.820774
01 176 -1.519486, 16.049850,-0.106101  0.043215,-0.972259, 0.030476
01 177 -0.869861, 14.938130,-0.248859  0.586625,-0.603045, 0.338609
01 178 -0.850370, 16.231550,-1.383398  0.125890, 0.517778,-0.062722
01 179 -0.768694, 16.387180,-1.529024  0.131856,-0.310580, 0.801956
01 180  0.493920, 14.595230, 0.005044  0.188839,-0.384528,-0.084652
01 181  0.005905, 14.757760, 0.094974  0.280892,-0.604749, 0.588992
01 182  0.765877, 14.712710, 0.142951  0.351428, 0.862029, 0.155029
01 183  0.799927, 14.853430, 0.301795  0.411596, 0.305161, 0.423301
01 184  0.378207, 14.712210, 0.681348 -0.159460,-0.651625, 0.087431
01 185 -1.408749, 16.620890, 1.182557 -0.245797,-0.740197, 0.521691
01 186 -1.540556, 16.209990, 0.464198  0.105671, 0.010530,-0.645411
01 187 -1.281365, 16.359170,-1.103208  0.153378,-0.512335, 0.497783
01 188 -0.625671, 14.817860,-0.553361  0.031213,-0.341939,-0.806500
01 189 -0.581668, 16.453800,-1.642539  0.467826,-0.682096,-0.549559
01 190  0.590807, 14.611100,-0.414143  0.303872, 0.482678,-0.349981
01 191  0.118246, 14.926470, 0.483220  0.604104,-0.385194, 0.334350
01 192  0.565092, 14.718640, 0.165613  0.753088,-0.198443,-0.625862
01 193  0.684460, 15.035640, 0.665698 -0.263135,-0.770206, 0.509874
01 194  0.442112, 16.240870, 1.565758 -0.595047, 0.138728,-0.225590
01 195 -0.981662, 16.271900, 1.316371  0.316808, 0.285884,-0.899808
01 196 -1.021323, 15.650270, 0.809225 -0.032742,-0.692449,-0.577311
01 197 -0.511041, 14.796300,-0.355813 -0.453829, 0.057394,-0.877407
01 198 -0.247244, 14.608780,-0.678302 -0.218067, 0.613820, 0.283537
01 199  0.240156, 15.168740,-0.998938 -0.183881,-0.172700,-0.464058
01 200  1.271285, 16.571060,-1.289838 -0.330980,-0.146682,-0.877783
01 201  0.053949, 14.716840,-0.562386  0.675602,-0.661198, 0.299514
01 202  1.438088, 15.898820,-0.070991 -0.463468, 0.155412,-0.596180
01 203  1.601020, 16.267840, 0.373150  0.476796,-0.417172,-0.153969
01 204  0.034445, 14.893580, 0.259377  0.436753,-0.008783, 0.895143
01 205 -0.196963, 15.293460, 1.084950 -0.062004, 0.490320, 0.859362
01 206 -1.237025, 15.554400, 0.153961 -0.337501,-0.190055,-0.174460
01 207 -1.172324, 16.455940,-1.294534 -0.068021, 0.663022,-0.700443
01 208 -0.931255, 16.086670,-1.230879 -0.118994, 0.279109,-0.032488
01 209  1.153158, 15.909900,-0.869797  0.400980, 0.143744,-0.034008
01 210  1.264510, 15.681200,-0.364347 -0.528824, 0.164340, 0.824946
01 211  0.068972, 14.639290,-0.085975  0.889584, 0.325861, 0.288326
01 212  1.077015, 15.317820,-0.295242 -0.095471,-0.484457,-0.737371
01 213  1.341511, 16.434280, 1.098115 -0.719822, 0.636948, 0.261878
01 214  0.329241, 16.062240, 1.493966 -0.715241, 0.657103,-0.217358
01 215 -1.120519, 16.452920, 1.341818 -0.898159,-0.347522,-0.102615
01 216 -0.701172, 14.612250, 0.169974 -0.878647, 0.129794, 0.459413
01 217 -1.200174, 15.552960,-0.337532 -0.340063, 0.435103, 0.549105
01 218 -1.110105, 16.251590,-1.203680  0.896556, 0.191029, 0.358202
01 219  1.514645, 16.601520,-1.029198  0.554849, 0.011763, 0.507328
01 220  0.634637, 14.927560,-0.629529 -0.615458,-0.196944, 0.271923
01 221 -0.425343, 14.753100, 0.413348  0.650398, 0.635544, 0.395401
01 222  1.728709, 16.437050, 0.203390 -0.921870,-0.382739,-0.051418
01 223  0.393398, 14.846370, 0.237494  0.397298,-0.764132,-0.490152
01 224  0.423039, 16.430360, 1.680781  0.583779, 0.195715,-0.473962
01 225 -0.371775, 15.605000, 1.221561  0.894705,-0.263676,-0.134172
01 226 -1.751176, 16.524290, 0.349365  0.115273, 0.548669,-0.821863
01 227 -1.092550, 15.356360,-0.309529  0.564621,-0.762218,-0.042375
01 228 -0.550482, 15.311180,-0.960834  0.402280,-0.115288, 0.810007
01 229  0.301930, 14.746320,-0.580761 -0.243262,-0.270454,-0.756522
01 230  0.801424, 15.004190,-0.492097 -0.918814,-0.202173,-0.338930
01 231  0.222021, 14.977990, 0.288640  0.045697, 0.857494, 0.442937
01 232  0.398099, 14.790310, 0.025180  0.095029, 0.581816,-0.359759
01 233  1.215144, 16.910450, 1.588939 -0.437632, 0.784771,-0.413696
01 234  0.351740, 14.973730, 0.854713  0.542823,-0.443270,-0.712905
01 235 -0.629972, 16.401790, 1.597713  0.195032,-0.188065,-0.139686
01 236 -1.519609, 16.095900, 0.277626 -0.441732, 0.038574, 0.455502
01 237 -1.676560, 16.658580,-0.798423 -0.053826, 0.205087,-0.859464
01 238 -0.130533, 14.682910,-0.454577 -0.306505, 0.555210,-0.493851
01 239 -0.420761, 15.128070,-0.918614 -0.723996, 0.329383, 0.474677
01 240  1.661022, 16.675140,-0.869129  0.148526,-0.877057, 0.311183
01 241 -0.342159, 14.766440,-0.227904 -0.411532,-0.797993,-0.194714
01 242  1.078351, 15.257930,-0.075879 -0.800133, 0.012818,-0.598719
01 243  0.169215, 16.447270, 1.737551 -0.775232,-0.386562, 0.489556
01 244  0.222440, 15.116880, 0.975677  0.079967, 0.151934,-0.874541
01 245 -1.171503, 16.099930, 1.018265  0.088411,-0.672051,-0.285618
01 246 -0.953975, 15.234810, 0.485884  0.675135, 0.087044,-0.720145
01 247 -1.179087, 15.660130,-0.563718  0.522150,-0.208882, 0.278918
01 248 -0.728468, 15.319780,-0.845763 -0.911041, 0.159338, 0.332859
01 249  0.030873, 14.698070,-0.766095  0.137691, 0.446345, 0.387891
01 250  1.553398, 16.478400,-0.826984 -0.061393,-0.640664,-0.073830
01 251 -0.275440, 14.583880,-0.095271  0.406054, 0.787906,-0.453216
01 252  1.171605, 16.684370,-1.468246  0.102137, 0.335010,-0.332999
01 253  0.859966, 15.190830, 0.595468  0.150670,-0.853741, 0.128241
01 254  0.112840, 14.969750, 0.911240 -0.407290,-0.665141,-0.625682
01 255 -0.231717, 16.222580, 1.603781  0.957889, 0.017805, 0.249344
01 256 -1.719865, 16.413560, 0.109652 -0.263039,-0.858202,-0.433427
01 257 -1.667501, 16.323640,-0.090612  0.586676, 0.354634, 0.726634
01 258 -0.980506, 16.412400,-1.422087  0.886069, 0.094393, 0.285657
01 259  0.226199, 14.770470,-0.777210 -0.972950, 0.184720, 0.095206
01 260  1.767459, 16.674270,-0.606672  0.101261,-0.436668, 0.091101
01 261 -0.578184, 14.865510, 0.321272  0.806231,-0.409334,-0.427127
01 262  0.941056, 15.165820,-0.411938  0.000470,-0.798104,-0.279149
01 263  0.616045, 16.663920, 1.756669  0.176142,-0.093168,-0.289850
01 264  0.193718, 17.007840, 1.914508  0.059435,-0.359889, 0.797473
01 265 -0.385148, 15.416360, 1.102761 -0.456519, 0.556650, 0.577963
01 266 -0.942968, 15.103390, 0.318325 -0.108985,-0.500671, 0.843744
01 267 -1.581418, 16.191750,-0.257582 -0.190299, 0.004144, 0.736543
01 268 -0.345527, 14.683810,-0.428345  0.814899,-0.150515,-0.549518
01 269  0.391570, 16.084470,-1.489862  0.575874,-0.461887, 0.271879
01 270  1.355660, 16.456010,-1.105801  0.157556, 0.770186, 0.392005
01 271  0.228124, 14.797810,-0.117187 -0.240483, 0.616611, 0.739615
01 272  0.969020, 15.093960,-0.199029 -0.715142, 0.478297, 0.416803
01 273  0.535411, 15.087600, 0.825990 -0.639794, 0.245760, 0.672207
01 274  0.568087, 16.095050, 1.440216  0.933361,-0.054667,-0.295035
01 275  0.277685, 14.942630, 0.644121 -0.353739, 0.106292,-0.894798
01 276 -1.154799, 15.488320, 0.359332  0.935030, 0.242886, 0.231742
01 277 -0.667637, 14.992900,-0.417628 -0.124088,-0.502870, 0.849508
01 278 -0.633908, 16.207160,-1.482593 -0.192342,-0.549083, 0.087005
01 279  0.166839, 14.948470,-0.893726  0.316714, 0.390273,-0.194368
01 280  0.699946, 15.308830,-0.862500  0.052909, 0.475626,-0.796328
01 281 -0.116690, 14.831160,-0.277570  0.089019, 0.030919, 0.946009
01 282  0.613371, 14.792000,-0.038678  0.861001,-0.180317,-0.456045
01 283  0.325329, 14.998310, 0.092427 -0.260949,-0.620627, 0.726009
01 284  0.465199, 15.102930, 0.633416 -0.169386, 0.197725, 0.806023
01 285 -1.276730, 16.440770, 1.178070 -0.281524, 0.369632,-0.824613
01 286 -1.579697, 16.652170, 0.980686 -0.333963, 0.660034,-0.654520
01 287 -1.629483, 16.609470, 0.036616  0.803984, 0.111994, 0.559275
01 288 -0.512747, 15.665110,-1.205003 -0.845267,-0.101007, 0.383825
01 289 -0.521754, 14.907480,-0.716275 -0.196513,-0.656548,-0.081242
01 290  0.534520, 15.367030,-1.010508  0.489301, 0.520182, 0.303731
01 291  0.008457, 14.855840,-0.111157  0.540589,-0.286167,-0.069788
01 292  1.909168, 16.756950,-0.170416  0.476234,-0.792273,-0.350609
01 293  1.042683, 15.930730, 1.018470 -0.336174, 0.695399, 0.107777
01 294  0.643365, 16.476760, 1.641901  0.888582,-0.075781, 0.242278
01 295  0.049967, 14.935080, 0.702360 -0.157894,-0.037373, 0.198538
01 296 -0.722893, 15.316820, 0.850794  0.948966, 0.001016, 0.307724
01 297 -0.745582, 14.876180, 0.442699  0.312083, 0.687286,-0.654954
01 298 -0.380925, 16.534170,-1.754062  0.451455,-0.740960,-0.171362
01 299 -0.164919, 16.576270,-1.810855  0.556781, 0.600888,-0.275046
01 300  0.530727, 14.733540,-0.588074  0.182949, 0.250553,-0.650838
01 301 -0.472724, 14.970810,-0.511364  0.329786, 0.370393,-0.868053
01 302  0.957916, 15.035640, 0.010317  0.109801,-0.433527,-0.448159
01 303  1.497021, 16.185990, 0.558439 -0.086949,-0.471491, 0.065115
01 304  0.056004, 15.530590, 1.233355  0.451775,-0.173075,-0.735416
01 305 -0.894312, 15.898230, 1.129478 -0.329299,-0.388084, 0.566673
01 306 -1.829351, 16.613400, 0.151028 -0.875138,-0.223910,-0.132454
01 307 -0.568603, 14.742540,-0.138576 -0.218414, 0.000136,-0.959747
01 308 -0.896501, 16.562250,-1.571883 -0.121968, 0.842302, 0.287486
01 309  0.411202, 15.715730,-1.271208 -0.499164, 0.336041, 0.375717
01 310  1.429110, 16.251750,-0.788984  0.615922,-0.298709,-0.404837
01 311 -0.484517, 14.931690,-0.075355 -0.607994, 0.410582,-0.346411
01 312  1.332021, 15.723890,-0.157514 -0.743647,-0.445119, 0.274454
01 313  1.490434, 16.601880, 1.056100 -0.085817, 0.362206,-0.175104
01 314 -0.616106, 16.084310, 1.411357  0.456779, 0.348200,-0.222760
01 315 -0.228007, 14.777830, 0.366381 -0.563190, 0.006987,-0.744398
01 316 -0.663378, 14.960160, 0.632963 -0.451576,-0.209380, 0.853955
01 317 -0.857382, 15.054060,-0.438214  0.637927, 0.417407, 0.042102
01 318 -1.072980, 15.765030,-0.845044 -0.500337, 0.157207, 0.607198
01 319 -0.409790, 16.152250,-1.521905 -0.385094, 0.503662, 0.324537
01 320  0.062678, 14.726150,-0.320002  0.911279, 0.054862, 0.335270
01 321  0.445937, 14.872630,-0.158092 -0.262319, 0.854182,-0.148299
01 322  1.431026, 15.902520, 0.153271  0.706100, 0.065695,-0.633786
01 323  1.587413, 16.543690, 0.851032  0.477574, 0.858785,-0.185489
01 324  1.039196, 16.278800, 1.281250 -0.112027, 0.894963,-0.413849
01 325 -0.571897, 15.595770, 1.134905  0.753227,-0.356445, 0.492997
01 326 -1.446506, 16.312070, 0.823471  0.378793,-0.392653, 0.836279
01 327 -1.534146, 16.200980,-0.484869  0.625936, 0.716996, 0.013036
01 328 -0.616623, 15.120740,-0.794621 -0.626149,-0.449831, 0.580037
01 329  1.083900, 16.486460,-1.395745 -0.049413, 0.383879, 0.255499
01 330  1.183808, 16.369770,-1.224812  0.251205,-0.941697, 0.198259
01 331  0.097716, 15.128550, 0.421874  0.543814, 0.451707, 0.671797
01 332  1.626148, 16.311950,-0.372453 -0.341381,-0.683801, 0.296289
01 333  1.387619, 16.810570, 1.043484  0.498269, 0.597126, 0.622437
01 334  0.022245, 15.353640, 1.136716  0.449620, 0.873052, 0.130303
01 335 -0.460392, 16.570050, 1.753382 -0.198126, 0.463387, 0.452661
01 336 -1.027771, 15.169310, 0.118520 -0.401942, 0.110891, 0.838748
01 337 -1.409924, 16.328380,-0.907093  0.987124,-0.048288,-0.089017
01 338 -0.724885, 16.047750,-1.338075  0.492229,-0.615230,-0.610006
01 339  0.716167, 16.402730,-1.557404  0.416400, 0.821529, 0.132339
01 340  1.837531, 16.633760, 0.148514 -0.746657,-0.486444,-0.448173
01 341 -0.111979, 14.958930, 0.471429 -0.208993,-0.954592,-0.126316
01 342  1.948756, 16.829780, 0.115827 -0.540388,-0.427242,-0.323837
01 343  0.859190, 16.655570, 1.651058  0.400835, 0.026347, 0.780514
01 344  1.214366, 16.661900, 1.414718  0.436313,-0.217209,-0.866684
01 345 -1.314778, 16.278510, 0.999705  0.074376, 0.071940, 0.661742
01 346 -1.861176, 16.726030, 0.373623  0.127810, 0.658479,-0.629911
01 347 -1.016787, 16.811280,-1.398767  0.195693,-0.297090,-0.467568
01 348 -0.901341, 15.678650,-0.956650 -0.091617, 0.975090,-0.159260
01 349  0.574459, 16.526900,-1.691443  0.883756, 0.266618, 0.384540
01 350  1.546194, 16.927670,-1.288783 -0.174702,-0.017150,-0.245907
01 351 -0.136233, 14.832500,-0.585800  0.738092,-0.412103,-0.505409
01 352  1.714793, 16.493030, 0.430641  0.791201, 0.205027,-0.492736
01 353  0.836089, 15.513850, 0.892378  0.479395,-0.452436,-0.480697
01 354  0.303098, 15.082550, 0.479351 -0.741808,-0.128812, 0.650626
01 355 -0.181109, 15.486370, 1.196598  0.231797,-0.662065, 0.643796
01 356 -1.290752, 15.636210,-0.059376 -0.465420, 0.667984, 0.569753
01 357 -1.443954, 16.261730,-0.078382  0.143146, 0.682478,-0.440584
01 358  0.484275, 16.704480,-1.819759 -0.291657, 0.860962,-0.312605
01 359  0.369665, 15.031410,-0.884340  0.428993, 0.375576, 0.733212
01 360  0.706330, 16.703250,-1.749817  0.227685,-0.528171, 0.536201
01 361  0.334297, 15.359560,-1.087428  0.765002, 0.397177, 0.083905
01 362  1.494262, 16.169950,-0.538630 -0.687293,-0.376122,-0.326079
01 363  1.267603, 15.813420, 0.573983  0.045242,-0.627820,-0.578722
01 364  0.457897, 15.418480, 1.075982 -0.218320, 0.009241, 0.636589
01 365 -1.000788, 16.093910, 1.174283  0.201751,-0.847921,-0.486336
01 366 -1.440863, 16.476450, 1.012806 -0.309113,-0.694244, 0.221245
01 367 -1.079319, 15.462600,-0.514166  0.473284, 0.575705,-0.055116
01 368 -0.344995, 15.294860,-1.047060  0.128864,-0.144375,-0.702205
01 369 -0.320723, 14.859160,-0.643552 -0.016462,-0.939043,-0.273050
01 370  1.550841, 16.586640,-0.628740  0.672599,-0.265068,-0.084155
01 371 -0.391314, 14.758440, 0.027236  0.111838,-0.544026,-0.736605
01 372  1.833695, 16.680770, 0.376549  0.033252,-0.778475,-0.082206
01 373  1.139834, 15.631670, 0.606085 -0.495073,-0.170801,-0.716628
01 374  0.693929, 15.579740, 1.053282  0.865091,-0.342284, 0.361327
01 375 -0.005897, 16.180890, 1.594091  0.816959, 0.054445,-0.537102
01 376 -1.034842, 15.417610, 0.541836 -0.481260,-0.403086,-0.755737
01 377 -0.567375, 15.173170,-0.580462  0.398253, 0.400395,-0.590556
01 378  0.135715, 16.711370,-1.694350  0.368175, 0.896259, 0.048432
01 379  0.040047, 14.914090,-0.713304 -0.315719, 0.128443,-0.820017
01 380  0.171505, 14.903970,-0.499365  0.265831,-0.534369, 0.770427
01 381  0.128158, 15.118910,-0.807743  0.327004,-0.255361, 0.014687
01 382  1.051997, 15.215980, 0.138220  0.770119, 0.005717, 0.333691
01 383  0.848510, 15.034640, 0.442171  0.162605,-0.517254, 0.775714
01 384  0.076117, 15.983460, 1.482523  0.018455,-0.573768, 0.697437
01 385 -0.908989, 16.425600, 1.474068 -0.698330,-0.587532,-0.382124
01 386 -0.954791, 15.041910,-0.065442 -0.501186,-0.329665, 0.703906
01 387 -1.729336, 16.590290,-0.584590 -0.132325, 0.130962,-0.183374
01 388 -0.715408, 15.705430,-1.123400 -0.386334, 0.642009, 0.009833
01 389 -0.354412, 14.935040,-0.827708 -0.179162,-0.821161,-0.533990
01 390  1.282843, 16.102700,-0.873726 -0.534666,-0.381058,-0.193668
01 391 -0.015750, 15.107250, 0.808622 -0.149848,-0.411521, 0.690959
01 392  0.762098, 15.125150,-0.319230 -0.122262, 0.402396,-0.691987
01 393  0.450157, 15.044750, 0.322998  0.289284,-0.314653,-0.291715
01 394  0.249034, 15.319850, 1.089345 -0.896789, 0.156484, 0.338754
01 395 -1.702032, 16.534720, 0.572987 -0.248245, 0.851762, 0.368636
01 396 -1.304736, 15.964430, 0.686091  0.022695,-0.098290, 0.950048
01 397 -1.038779, 15.574930,-0.714613  0.352758, 0.552894, 0.708183
01 398 -0.682606, 16.616740,-1.518297  0.253439,-0.147042, 0.634613
01 399  0.807502, 16.802260,-1.532001  0.097391, 0.474835, 0.619192
01 400  1.008931, 15.344390,-0.511554  0.373094, 0.095645,-0.692112
01 401 -0.209928, 14.751810, 0.146960  0.616016, 0.678521,-0.200120
01 402  0.584037, 14.883300, 0.317775  0.000192, 0.590295, 0.613432
01 403  1.489591, 16.797230, 1.242446  0.695776, 0.106220,-0.063974
01 404  0.879743, 16.336270, 1.433909  0.620433, 0.402322,-0.290140
01 405 -0.512090, 14.952100, 0.522916  0.521040, 0.763432, 0.324780
01 406 -0.912187, 14.971800, 0.137767 -0.481176,-0.526508,-0.031668
01 407 -0.977949, 15.141150,-0.273799 -0.161988, 0.010989,-0.975984
01 408 -1.262683, 16.160300,-0.959004  0.593993,-0.738565,-0.270992
01 409 -0.096617, 16.385150,-1.706822 -0.437966,-0.515912, 0.604643
01 410  0.268637, 14.794750,-0.351621  0.529283,-0.206525,-0.713502
01 411 -0.465504, 14.998650,-0.284452 -0.985251, 0.170238,-0.008241
01 412  1.604849, 16.203890,-0.134295 -0.669335, 0.164847,-0.127356
01 413  0.550982, 14.948260, 0.109925  0.421514, 0.452416,-0.539715
01 414 -0.252461, 15.823140, 1.376034  0.652533,-0.037566,-0.147624
01 415 -0.497432, 16.226580, 1.546508  0.383392, 0.053355,-0.905646
01 416 -1.057531, 15.288380, 0.296261 -0.258875,-0.133681, 0.216441
01 417 -1.362152, 16.090620,-0.733791  0.443215,-0.732734, 0.366646
01 418 -0.134781, 15.704970,-1.321318  0.807552,-0.589000,-0.028352
01 419  0.073638, 15.618000,-1.276330 -0.876921, 0.300761, 0.224432
01 420  0.630723, 14.890350,-0.237641 -0.232910,-0.335075, 0.262703
01 421 -0.049523, 14.945060,-0.903096  0.543036, 0.543204,-0.597788
01 422  1.630269, 16.698880, 0.477219  0.409106,-0.645093,-0.554199
01 423  1.000196, 15.352880, 0.532326  0.500340,-0.116298,-0.854597
01 424  0.427688, 15.229670, 0.975793  0.440840,-0.739593, 0.397013
01 425 -0.668992, 16.672700, 1.746269 -0.932456,-0.291648,-0.100170
01 426 -0.744782, 15.020700, 0.254260  0.709585, 0.498904, 0.428437
01 427 -0.654827, 14.924860,-0.197354  0.203240,-0.507542,-0.351043
01 428 -0.397091, 15.082700,-0.696732 -0.076948,-0.037094,-0.963512
01 429  0.681209, 15.915990,-1.281495 -0.446657, 0.432948, 0.781055
01 430  0.253884, 14.974810,-0.698306 -0.755427,-0.102530,-0.203143
01 431 -0.380852, 14.863430, 0.221973 -0.360523,-0.904152,-0.167053
01 432  1.147385, 15.496640,-0.397171 -0.617719,-0.545511,-0.491908
01 433  1.521836, 16.110330,-0.322251 -0.002143, 0.362224,-0.345534
01 434 -0.216179, 16.532480, 1.774709  0.246324,-0.835572,-0.373277
01 435 -0.557780, 15.330400, 0.975089  0.023544, 0.835229, 0.549136
01 436 -1.574559, 16.498020, 0.816339  0.198285, 0.641020, 0.216973
01 437 -1.642067, 16.398160,-0.502092  0.513559,-0.479546,-0.128224
01 438 -0.803318, 15.196630,-0.666804 -0.191194, 0.010398, 0.899269
01 439  0.010714, 15.124250,-1.010160  0.794361,-0.521494,-0.290981
01 440  0.527182, 15.173560,-0.889421 -0.206096,-0.073855,-0.975432
01 441  1.044088, 15.985440,-1.055557  0.514821,-0.625826, 0.057659
01 442  0.865542, 15.281150,-0.238374 -0.823459, 0.507118,-0.228666
01 443  1.605818, 16.381590, 0.583801  0.265257,-0.211734, 0.864348
01 444  1.139882, 16.474550, 1.341385  0.191286, 0.760280, 0.373516
01 445 -0.571718, 15.144770, 0.844377  0.181536, 0.300275,-0.041248
01 446 -0.613481, 14.790970, 0.071040 -0.011289, 0.763670,-0.512677
01 447 -1.405698, 15.897480, 0.304448 -0.496563, 0.534948,-0.673826
01 448 -0.125776, 15.289230,-1.091036 -0.463482, 0.222158,-0.755512
01 449  0.258496, 16.249950,-1.615275  0.037216, 0.103779, 0.982119
01 450  0.693962, 15.130280,-0.733364  0.068852,-0.884554,-0.334902
01 451  0.477646, 15.081220,-0.704930  0.524699,-0.596750, 0.311830
01 452  0.795924, 14.929230, 0.094058  0.555887, 0.190542,-0.014393
01 453  1.349611, 16.613670, 1.239761 -0.658240, 0.359894, 0.354732
01 454  0.663838, 16.287790, 1.517032  0.552900,-0.645166,-0.285491
01 455 -0.862115, 15.658100, 0.979196 -0.244549,-0.302418,-0.211019
01 456 -1.300341, 15.821630, 0.506654 -0.292742,-0.573918,-0.405420
01 457 -1.305531, 15.822640,-0.483443 -0.534724, 0.093520, 0.327731
01 458 -1.348455, 16.554760,-1.199270 -0.012919,-0.185112, 0.229952
01 459  0.779469, 16.232330,-1.426193  0.099237, 0.681412,-0.124983
01 460  0.908817, 15.581850,-0.878188 -0.762778,-0.588855, 0.176674
01 461  0.139436, 14.985250,-0.011965 -0.223277,-0.698763, 0.673514
01 462  0.864735, 15.220650,-0.032435  0.002588, 0.288560,-0.954941
01 463  1.183509, 16.219780, 1.104348  0.269900,-0.620266,-0.320619
01 464 -0.135776, 15.146760, 0.381008 -0.049048, 0.837919,-0.497537
01 465 -0.823469, 16.109530, 1.320130 -0.086096,-0.687889, 0.325798
01 466 -1.559493, 16.639110, 0.406527 -0.150782,-0.264250, 0.825635
01 467 -0.203366, 15.092580,-0.970294 -0.078640, 0.631824,-0.041230
01 468 -0.468249, 15.465030,-1.101043  0.183347, 0.663726,-0.263946
01 469 -0.269641, 16.714500,-1.652936  0.462767,-0.236741, 0.259728
01 470  1.798211, 16.833520,-0.780074 -0.936533, 0.151486,-0.285181
01 471 -0.080363, 14.969590, 0.062905  0.328353,-0.341274, 0.427624
01 472  0.557856, 15.036160,-0.096699  0.230900, 0.015134, 0.885238
01 473  0.707542, 15.234030, 0.795888 -0.345426,-0.553464, 0.755531
01 474  0.339420, 16.609400, 1.799638  0.174588,-0.641165,-0.671836
01 475 -1.152995, 16.258270, 1.163296 -0.285065,-0.788698,-0.352226
01 476 -0.816744, 15.054000, 0.520791 -0.316782,-0.522994, 0.730283
01 477 -0.836859, 15.436250,-0.482727 -0.518663, 0.364638, 0.115102
01 478 -0.311972, 16.137760,-1.313654  0.838669,-0.084146, 0.533342
01 479 -0.181721, 16.207160,-1.602193  0.362956,-0.057051,-0.249961
01 480  1.892627, 16.836520,-0.497536  0.154404,-0.974611, 0.042455
01 481  0.129921, 14.948440,-0.283254 -0.348060, 0.073887,-0.619787
01 482  0.773025, 15.025080,-0.110218 -0.219094, 0.563473, 0.541989
01 483  1.448182, 16.542830, 0.667687 -0.921608,-0.160129, 0.334290
01 484  0.468757, 15.892090, 1.356561  0.729572,-0.107063,-0.611237
01 485 -0.473570, 15.321980, 0.779925 -0.411725, 0.054310, 0.378839
01 486 -0.802258, 15.168070, 0.121859 -0.027071,-0.927697, 0.347744
01 487 -1.496321, 16.726620,-1.165293  0.490466, 0.111995, 0.772851
01 488 -0.615131, 15.838210,-1.262083 -0.884245, 0.281060, 0.339950
01 489 -0.348986, 16.723480,-1.866086  0.297884,-0.490868,-0.070948
01 490  1.322861, 15.855800,-0.498089 -0.688877, 0.301537, 0.233297
01 491 -0.186945, 14.787730,-0.055847 -0.055797, 0.852452,-0.135662
01 492  1.745228, 16.896400, 0.439409  0.701869, 0.337098, 0.462731
01 493  0.759811, 16.552050, 1.462951  0.013275, 0.542364, 0.254113
01 494 -0.440297, 15.095390, 0.681820  0.512513,-0.578034, 0.539473
01 495 -0.384962, 16.746970, 1.872719  0.882704, 0.137788,-0.435767
01 496 -1.171753, 15.931510, 0.863726  0.356809,-0.841399,-0.227453
01 497 -1.283540, 16.684540,-1.370154  0.525270,-0.381296, 0.758317
01 498 -0.819642, 16.820480,-1.517649  0.063051, 0.106598,-0.589014
01 499 -0.048380, 15.449100,-1.186182 -0.249765, 0.068240,-0.412043
01 500  1.438942, 16.719600,-1.238037  0.375770,-0.367351, 0.658902
